0,0.0,0.0022971332,0.99615926,0.97561014,pistol
1,0.0,0.0022971332,0.99615926,0.97561014,pistol
2,0.0,0.0022971332,0.99615926,0.97561014,pistol
3,0.008987933,0.031969666,0.9879837,0.97969925,pistol
4,0.0,0.0019779503,0.99618447,0.9760082,pistol
5,0.0,0.0022971332,0.99615926,0.97561014,pistol
6,0.0,0.0022971332,0.99615926,0.97561014,pistol
7,0.0,0.0022971332,0.99615926,0.97561014,pistol
8,0.0,0.0022971332,0.99615926,0.97561014,pistol
9,0.0,0.0022971332,0.99615926,0.97561014,pistol
10,0.0,0.0022971332,0.99615926,0.97561014,pistol
11,0.0,0.0022971332,0.99615926,0.97561014,pistol
12,0.0,0.0022971332,0.99615926,0.97561014,pistol
13,0.0,0.0022971332,0.99615926,0.97561014,pistol
14,0.0,0.0022971332,0.99615926,0.97561014,pistol
15,0.0,0.0022971332,0.99615926,0.97561014,pistol
16,0.0,0.0022971332,0.99615926,0.97561014,pistol
17,0.0,0.0022971332,0.99615926,0.97561014,pistol
18,0.0,0.0022971332,0.99615926,0.97561014,pistol
19,0.0,0.0022971332,0.99615926,0.97561014,pistol
20,0.0,0.0022971332,0.99615926,0.97561014,pistol
21,0.0,0.0022971332,0.99615926,0.97561014,pistol
22,0.0,0.0022971332,0.99615926,0.97561014,pistol
23,0.0,0.0022971332,0.99615926,0.97561014,pistol
24,0.0,0.0022971332,0.99615926,0.97561014,pistol
25,0.0,0.0022971332,0.99615926,0.97561014,pistol
26,0.0,0.0022971332,0.99615926,0.97561014,pistol
27,0.0,0.0022971332,0.99615926,0.97561014,pistol
28,0.0,0.0022971332,0.99615926,0.97561014,pistol
29,0.0,0.0022971332,0.99615926,0.97561014,pistol
30,0.0,0.0022971332,0.99615926,0.97561014,pistol
31,0.0,0.0022971332,0.99615926,0.97561014,pistol
32,0.0,0.0022971332,0.99615926,0.97561014,pistol
33,0.0,0.0022971332,0.99615926,0.97561014,pistol
34,0.0,0.0022971332,0.99615926,0.97561014,pistol
35,0.0,0.0022971332,0.99615926,0.97561014,pistol
36,0.0,0.0022971332,0.99615926,0.97561014,pistol
37,0.0,0.0022971332,0.99615926,0.97561014,pistol
38,0.0,0.0022971332,0.99615926,0.97561014,pistol
39,0.0,0.0022971332,0.99615926,0.97561014,pistol
40,0.0,0.0022971332,0.99615926,0.97561014,pistol
41,0.0,0.0022971332,0.99615926,0.97561014,pistol
42,0.0,0.0022971332,0.99615926,0.97561014,pistol
43,0.0,0.0022971332,0.99615926,0.97561014,pistol
44,0.0,0.0022971332,0.99615926,0.97561014,pistol
45,0.0,0.0022971332,0.99615926,0.97561014,pistol
46,0.0,0.0022971332,0.99615926,0.97561014,pistol
47,0.0,0.0022971332,0.99615926,0.97561014,pistol
48,0.0,0.0022971332,0.99615926,0.97561014,pistol
49,0.0,0.0022971332,0.99615926,0.97561014,pistol
50,0.0,0.0022971332,0.99615926,0.97561014,pistol
51,0.0,0.0022971332,0.99615926,0.97561014,pistol
52,0.0,0.0022971332,0.99615926,0.97561014,pistol
53,0.0,0.0022971332,0.99615926,0.97561014,pistol
54,0.0,0.0022971332,0.99615926,0.97561014,pistol
55,0.0,0.0022971332,0.99615926,0.97561014,pistol
56,0.0,0.0022971332,0.99615926,0.97561014,pistol
57,0.0,0.0022971332,0.99615926,0.97561014,pistol
58,0.0,0.0,0.97529376,0.98760116,pistol
58,0.9802184,0.6211791,0.999611,0.9012412,pistol
59,0.0048904717,0.03998491,0.9899459,0.9802406,pistol
60,0.006082684,0.0,0.98589003,0.9842609,pistol
61,0.94075036,0.71529186,1.0,0.9617716,pistol
61,0.005745977,0.0017377734,0.98352623,0.978235,pistol
62,0.9399326,0.71766645,1.0,0.9524304,pistol
62,0.0016138256,0.03941378,0.991135,0.9799367,pistol
63,0.9372128,0.7157354,1.0,0.955259,pistol
63,0.001606971,0.039073348,0.99127805,0.9800707,pistol
64,0.9363163,0.7085093,0.99913806,0.8984989,pistol
64,0.0024758577,0.038861185,0.99043083,0.9812306,pistol
65,0.9307204,0.70913833,1.0,0.89623386,pistol
65,0.0074898005,0.009741545,0.98336065,0.97465557,pistol
66,0.92836666,0.7083756,0.9989017,0.8736234,pistol
66,0.004167974,0.025922716,0.9931198,1.0,pistol
67,0.9256378,0.70844406,0.9997867,0.8775181,pistol
67,0.0,0.0,0.9819863,0.9887302,pistol
68,0.9233705,0.70740616,0.9999486,0.87432075,pistol
68,0.0,0.0,0.98194873,0.98873454,pistol
69,0.923372,0.7074219,0.9999345,0.8742688,pistol
69,0.0,0.0,0.98194873,0.9887345,pistol
70,0.923372,0.7074219,0.9999345,0.8742688,pistol
70,0.0,0.0,0.98194873,0.9887345,pistol
71,0.923372,0.7074219,0.9999345,0.8742688,pistol
71,0.0,0.0,0.98194873,0.9887345,pistol
72,0.923372,0.7074219,0.9999345,0.8742688,pistol
72,0.0,0.0,0.98194873,0.9887345,pistol
73,0.923372,0.7074219,0.9999345,0.8742688,pistol
73,0.0,0.0,0.98194873,0.9887345,pistol
74,0.923372,0.7074219,0.9999345,0.8742688,pistol
74,0.0,0.0,0.98194873,0.9887345,pistol
75,0.923372,0.7074219,0.9999345,0.8742688,pistol
75,0.0,0.0,0.98194873,0.9887345,pistol
76,0.923372,0.7074219,0.9999345,0.8742688,pistol
76,0.0,0.0,0.98194873,0.9887345,pistol
77,0.923372,0.7074219,0.9999345,0.8742688,pistol
77,0.0,0.0,0.98194873,0.9887345,pistol
78,0.923372,0.7074219,0.9999345,0.8742688,pistol
78,0.0,0.0,0.98194873,0.9887345,pistol
79,0.923372,0.7074219,0.9999345,0.8742688,pistol
79,0.0,0.0,0.98194873,0.9887345,pistol
80,0.923372,0.7074219,0.9999345,0.8742688,pistol
80,0.0,0.0,0.98194873,0.9887345,pistol
81,0.923372,0.7074219,0.9999345,0.8742688,pistol
81,0.0,0.0,0.98194873,0.9887345,pistol
82,0.9233705,0.70740616,0.9999486,0.87432075,pistol
82,0.0,0.0,0.98194873,0.98873454,pistol
83,0.9233705,0.70740616,0.9999486,0.87432075,pistol
83,0.0,0.0,0.98194873,0.98873454,pistol
84,0.91972834,0.7064086,1.0,0.87366855,pistol
84,0.0,0.0,0.9819652,0.98867327,pistol
85,0.9187579,0.7086811,1.0,0.8734642,pistol
85,0.0,0.0,0.98181605,0.9886477,pistol
86,0.91652006,0.7087058,1.0,0.8751676,pistol
86,0.0,0.0,0.98100245,0.98853517,pistol
87,0.91189975,0.7092061,0.99877495,0.8745868,pistol
87,0.005633861,0.015228003,0.9898547,0.99493814,pistol
88,0.9098252,0.71019036,0.9957931,0.8744628,pistol
88,0.0,0.0,0.9804815,0.9877324,pistol
89,0.9098252,0.71019036,0.9957931,0.8744628,pistol
89,0.0,0.0,0.9804815,0.9877324,pistol
90,0.90887535,0.7073311,0.99421835,0.871901,pistol
90,0.0,0.0,0.98046404,0.98764265,pistol
91,0.9066242,0.7066508,0.9950936,0.8741035,pistol
91,0.0,0.0,0.9797478,0.9872439,pistol
92,0.9066242,0.7066508,0.9950936,0.8741035,pistol
92,0.0,0.0,0.9797478,0.9872439,pistol
93,0.9066644,0.7066389,0.9951072,0.8740894,pistol
93,0.0,0.0,0.97973216,0.9872407,pistol
94,0.9066812,0.7066342,0.99511266,0.8740905,pistol
94,0.0,0.0,0.97974026,0.9872428,pistol
95,0.9066812,0.7066342,0.99511266,0.8740905,pistol
95,0.0,0.0,0.97974026,0.9872428,pistol
96,0.9066613,0.7066425,0.9951308,0.8740902,pistol
96,0.0,0.0,0.9797321,0.9872406,pistol
97,0.9035292,0.7063863,0.9924417,0.873912,pistol
97,0.0,0.0,0.97975844,0.98709285,pistol
98,0.90160084,0.70680404,0.9916272,0.87400985,pistol
98,0.0,0.0,0.979208,0.9869007,pistol
99,0.9016034,0.70677286,0.99162453,0.87401956,pistol
99,0.0,0.0,0.97919047,0.98689866,pistol
100,0.90160084,0.70680404,0.9916272,0.87400985,pistol
100,0.0,0.0,0.979208,0.9869007,pistol
101,0.9007792,0.70776206,0.98573035,0.8731094,pistol
101,0.0114990175,0.0028071404,0.99174905,1.0,pistol
102,0.89538515,0.70695186,0.97976565,0.8744843,pistol
102,0.0,0.0,0.97843206,0.9863832,pistol
103,0.89268214,0.7089207,0.97686905,0.87324464,pistol
103,0.009909213,0.011134893,0.9927197,0.99756336,pistol
104,0.88759077,0.7087178,0.97395444,0.87449336,pistol
104,0.008464992,0.018254668,0.98668796,0.9976425,pistol
105,0.8856973,0.7104905,0.9704451,0.8725744,pistol
105,0.0005848408,0.0300906,0.98268485,0.9843477,pistol
106,0.88568777,0.71046066,0.9704599,0.8725889,pistol
106,0.0005790293,0.030081749,0.9826987,0.98432875,pistol
107,0.88568777,0.71046066,0.9704599,0.8725889,pistol
107,0.0005790293,0.030081749,0.9826987,0.98432875,pistol
108,0.8856973,0.7104905,0.9704451,0.8725744,pistol
108,0.0005848408,0.0300906,0.98268485,0.9843477,pistol
109,0.8856814,0.7104777,0.9704461,0.87257683,pistol
109,0.00058060884,0.030114919,0.9826918,0.9843246,pistol
110,0.8832875,0.7101682,0.9664772,0.8737388,pistol
110,0.0,0.0270122,0.981904,0.98726785,pistol
111,0.8820148,0.71156794,0.96506196,0.87455934,pistol
111,0.0,0.0,0.9784211,0.9863329,pistol
112,0.8802444,0.70994365,0.9630109,0.8745719,pistol
112,0.0,0.0,0.97790754,0.9862087,pistol
113,0.8802444,0.70994365,0.9630109,0.8745719,pistol
113,0.0,0.0,0.97790754,0.9862087,pistol
114,0.8805157,0.71000516,0.9641514,0.874601,pistol
114,0.0,0.0,0.9779147,0.98620844,pistol
115,0.8800628,0.7103672,0.9634856,0.87427235,pistol
115,0.0,0.0,0.97792053,0.98621285,pistol
116,0.87998784,0.70989877,0.9622644,0.87433225,pistol
116,0.0,0.0,0.9776329,0.98615885,pistol
117,0.8777865,0.7099447,0.961714,0.8739461,pistol
117,0.0,0.0,0.9771048,0.9859512,pistol
118,0.87780553,0.70920575,0.95982033,0.87507546,pistol
118,0.0,0.0,0.9769039,0.98592436,pistol
119,0.8777945,0.709211,0.959828,0.87507796,pistol
119,0.0,0.0,0.9769033,0.9859245,pistol
120,0.87685376,0.7083328,0.95983285,0.8741653,pistol
120,0.0,0.0,0.97689164,0.9859226,pistol
121,0.8734107,0.70958877,0.95857775,0.87495375,pistol
121,0.0,0.0,0.9767418,0.98586977,pistol
122,0.87282974,0.70934594,0.958473,0.87503827,pistol
122,0.0,0.0,0.9767617,0.9859003,pistol
123,0.87195814,0.70994014,0.95585144,0.8766213,pistol
123,0.0,0.0,0.97668934,0.9858004,pistol
124,0.8693793,0.7119423,0.9529964,0.87392235,pistol
124,0.009182274,0.0,0.98576534,0.9974768,pistol
125,0.86441594,0.71032304,0.9474036,0.8747162,pistol
125,0.0,0.029452115,0.98131645,0.9861696,pistol
126,0.8618189,0.71036696,0.9459044,0.8746208,pistol
126,0.0,0.028871,0.9827268,0.9861817,pistol
127,0.8599925,0.7105093,0.9443686,0.874949,pistol
127,0.0,0.027995229,0.984182,0.9869753,pistol
128,0.8577693,0.7104503,0.9430191,0.8748218,pistol
128,0.0,0.027449757,0.9844526,0.986987,pistol
129,0.8566927,0.7099948,0.9411683,0.8744068,pistol
129,0.0,0.026691586,0.9846014,0.9871973,pistol
130,0.8554528,0.71027344,0.94132876,0.87477714,pistol
130,0.0,0.0,0.9751934,0.9852674,pistol
131,0.85545325,0.710274,0.94132864,0.87477636,pistol
131,0.0,0.0,0.97519356,0.98526746,pistol
132,0.8543763,0.7116826,0.93835676,0.8736357,pistol
132,0.0146507025,0.0,0.982394,0.990206,pistol
133,0.8499157,0.7113349,0.93336946,0.8754223,pistol
133,0.013170958,0.0,0.98432505,0.9979984,pistol
134,0.8476932,0.71115375,0.9306147,0.87490106,pistol
134,0.0036542118,0.027425379,0.9769547,0.9805814,pistol
135,0.8476104,0.71105945,0.9304789,0.87490857,pistol
135,0.0036895573,0.027443081,0.9771098,0.9805292,pistol
136,0.845431,0.71082836,0.92902786,0.8750748,pistol
136,0.0,0.0,0.9758837,0.9852394,pistol
137,0.845431,0.71082836,0.92902786,0.8750748,pistol
137,0.0,0.0,0.9758837,0.9852394,pistol
138,0.8454433,0.71077186,0.9290387,0.8750803,pistol
138,0.0,0.0,0.97589624,0.9852412,pistol
139,0.84544367,0.7107716,0.9290381,0.8750805,pistol
139,0.0,0.0,0.9758962,0.98524106,pistol
140,0.84544367,0.7107716,0.9290381,0.8750805,pistol
140,0.0,0.0,0.9758962,0.98524106,pistol
141,0.8454433,0.71077186,0.9290387,0.8750803,pistol
141,0.0,0.0,0.97589624,0.9852412,pistol
142,0.845431,0.71082836,0.92902786,0.8750748,pistol
142,0.0,0.0,0.9758837,0.9852394,pistol
143,0.8407787,0.71135587,0.92506933,0.8752014,pistol
143,0.010784686,0.007706374,0.98914605,1.0,pistol
144,0.83444285,0.71645147,0.9164542,0.88063246,pistol
144,0.0,0.0,0.97992194,0.986663,pistol
145,0.83076304,0.7155188,0.91335124,0.8810491,pistol
145,0.0025447607,0.017519355,0.9906435,0.98136234,pistol
146,0.8265401,0.7162693,0.9106159,0.88151675,pistol
146,0.0,0.0,0.9725133,0.9837191,pistol
147,0.8243951,0.716773,0.90982205,0.8831487,pistol
147,0.0,0.016051233,0.9902704,0.98866636,pistol
148,0.8196621,0.72150123,0.9057925,0.88791215,pistol
148,0.0,0.015124261,0.9936795,0.9893233,pistol
149,0.8156478,0.724571,0.8988821,0.886909,pistol
149,0.010339767,0.023376286,0.9964963,0.99392325,pistol
150,0.8126694,0.72450507,0.89653444,0.8897766,pistol
150,0.0050235093,0.019770294,0.9772397,0.9746603,pistol
151,0.8104208,0.72835886,0.8945362,0.8896344,pistol
151,0.0037386417,0.021822184,0.97746676,0.97332144,pistol
152,0.8077792,0.72838336,0.89323366,0.89003927,pistol
152,0.0041859746,0.021636575,0.97747535,0.97271645,pistol
153,0.8051444,0.73193383,0.8898101,0.89356995,pistol
153,0.0027154982,0.0055895746,0.98455954,0.9848393,pistol
154,0.80281126,0.7336701,0.88465416,0.89774895,pistol
154,0.0066857636,0.014675587,0.9739152,0.976164,pistol
155,0.7997391,0.73487824,0.88298345,0.8976795,pistol
155,0.003897518,0.026844949,0.97763145,0.9749768,pistol
156,0.7956467,0.73418474,0.8818522,0.90000117,pistol
156,0.0052019656,0.017341673,0.97456706,0.97570133,pistol
157,0.7929531,0.73693836,0.8799984,0.90120006,pistol
157,0.005014956,0.020293832,0.99450296,0.97465575,pistol
158,0.79071665,0.7364936,0.8787888,0.90012777,pistol
158,0.005138129,0.020022392,0.9958254,0.9744574,pistol
159,0.78912175,0.73749274,0.8758352,0.9022947,pistol
159,0.0050657094,0.010881603,0.99898386,0.9739192,pistol
160,0.78473544,0.7379408,0.86870277,0.90014374,pistol
160,0.0054222345,0.0229384,0.9780253,0.97872365,pistol
161,0.7806012,0.7391572,0.8662515,0.9019964,pistol
161,0.012418777,0.0,0.9883628,0.9775853,pistol
162,0.77757895,0.73970646,0.8643024,0.902384,pistol
162,0.0062533915,0.024313122,0.9770955,0.9719384,pistol
163,0.77432007,0.7382124,0.8623,0.9007911,pistol
163,0.005708009,0.024309486,0.97876775,0.97111046,pistol
164,0.7743196,0.7382195,0.8622995,0.9007896,pistol
164,0.005708009,0.024314255,0.97876644,0.9711124,pistol
165,0.77251774,0.73558164,0.8594164,0.9016923,pistol
165,0.004125595,0.022046953,0.97762614,0.97445166,pistol
166,0.7715018,0.7363808,0.85569775,0.8998027,pistol
166,0.004535973,0.024243057,0.97668916,0.97328264,pistol
167,0.7715018,0.7363808,0.85569775,0.8998027,pistol
167,0.004535973,0.024243057,0.97668916,0.97328264,pistol
168,0.7705345,0.73531723,0.8534486,0.8980806,pistol
168,0.0040938854,0.024936557,0.9776331,0.9736752,pistol
169,0.7705154,0.73550344,0.85326546,0.89785624,pistol
169,0.0042144954,0.025468051,0.9776546,0.97363156,pistol
170,0.7694739,0.7334668,0.85241663,0.8963273,pistol
170,0.008282393,0.009618282,0.98684,0.96083313,pistol
171,0.76803654,0.7333589,0.8512568,0.89603454,pistol
171,0.0070766807,0.008626759,0.9858783,0.96050787,pistol
172,0.7620098,0.7325269,0.84835213,0.8952298,pistol
172,0.012121499,0.0,0.9926298,0.96920013,pistol
173,0.7562587,0.73102224,0.84247506,0.89744115,pistol
173,0.004257381,0.015178889,0.97672826,0.9768069,pistol
174,0.7557289,0.73194855,0.83840686,0.89623934,pistol
174,0.004498571,0.017464578,0.9781816,0.9760589,pistol
175,0.75355554,0.73070943,0.8364898,0.89391863,pistol
175,0.0038452446,0.019745022,0.98086095,0.97488296,pistol
176,0.7452531,0.7283084,0.8303436,0.88922864,pistol
176,0.0042158663,0.02012521,0.98176026,0.97102684,pistol
177,0.73634183,0.72726184,0.8211602,0.89074975,pistol
177,0.0013771355,0.004666716,0.9803078,0.9271351,pistol
178,0.73160565,0.7275881,0.8166821,0.8902182,pistol
178,0.0069711804,0.0,0.9948229,0.97499585,pistol
179,0.7299469,0.7271832,0.8147145,0.8890251,pistol
179,0.0038268268,0.004404247,0.97962606,0.927988,pistol
180,0.728506,0.7271584,0.81396025,0.88953793,pistol
180,0.0026631355,0.0044868886,0.9799435,0.9275484,pistol
181,0.7276076,0.72769076,0.8118882,0.8895224,pistol
181,0.017965853,0.0,0.99056846,0.9563805,pistol
182,0.7149119,0.72712356,0.79923946,0.88974315,pistol
182,0.014633536,0.0,0.9834776,0.9518012,pistol
183,0.7071838,0.72662544,0.7907557,0.89157474,pistol
183,0.0038005412,0.0053530335,0.9793799,0.9321849,pistol
184,0.705181,0.72750366,0.789242,0.8915049,pistol
184,0.0025306642,0.005628288,0.97957087,0.93220073,pistol
185,0.70524395,0.7275109,0.78909314,0.89150274,pistol
185,0.0025157034,0.005617678,0.9795898,0.9322532,pistol
186,0.70393896,0.7271725,0.7880566,0.89146876,pistol
186,0.017890155,0.0,0.97311944,0.9460237,pistol
187,0.7015748,0.72715724,0.78642,0.8912456,pistol
187,0.0011775494,0.0,0.9870662,0.98083913,pistol
188,0.7015746,0.7271572,0.78642005,0.8912454,pistol
188,0.0011769533,0.0,0.9870664,0.9808385,pistol
189,0.7002618,0.72731453,0.785026,0.89120203,pistol
189,0.003285259,0.0,0.987573,0.9838109,pistol
190,0.6989,0.7263551,0.7843678,0.89112234,pistol
190,0.017661601,0.0,0.97551715,0.9486098,pistol
191,0.69720924,0.72681713,0.7821722,0.88900113,pistol
191,0.0047846437,0.0,0.99689096,0.96476614,pistol
192,0.6958761,0.72747487,0.78021586,0.8906838,pistol
192,0.013208777,0.014079273,0.9759866,0.9398658,pistol
193,0.6913716,0.7259667,0.77510506,0.89129853,pistol
193,0.004853338,0.0,0.9968177,0.9643706,pistol
194,0.6906923,0.72645205,0.7741207,0.8910305,pistol
194,0.0048326254,0.0,0.99684393,0.9643798,pistol
195,0.69070876,0.7265343,0.77415943,0.89100105,pistol
195,0.004832238,0.0,0.996832,0.9643892,pistol
196,0.69069546,0.7264269,0.7741025,0.8909175,pistol
196,0.0048469603,0.0,0.996843,0.9644543,pistol
197,0.68598735,0.7274344,0.77077293,0.89146495,pistol
197,0.0048466623,0.0,0.9964348,0.96423835,pistol
198,0.6845042,0.7268895,0.76980084,0.89150417,pistol
198,0.004822314,0.0,0.9965454,0.9652275,pistol
199,0.68074715,0.72878456,0.7645768,0.89130354,pistol
199,0.0047732294,0.0,0.9964348,0.9662903,pistol
200,0.6769468,0.72848386,0.76104397,0.89248484,pistol
200,0.0047671497,0.0,0.99606884,0.96748924,pistol
201,0.6760444,0.72781,0.75957376,0.89255476,pistol
201,0.0047908127,0.0,0.9961057,0.96779203,pistol
202,0.67532724,0.7280728,0.7588615,0.8924472,pistol
202,0.004779607,0.0,0.9961101,0.9678514,pistol
203,0.67427,0.7284696,0.757629,0.89287126,pistol
203,0.004787475,0.0,0.9962255,0.96860015,pistol
204,0.66846937,0.73066795,0.754178,0.8952068,pistol
204,0.004622519,0.0,0.996111,0.9712418,pistol
205,0.6680282,0.7314676,0.75252193,0.8959713,pistol
205,0.0046090186,0.0,0.99619603,0.9709918,pistol
206,0.6645651,0.73238397,0.7516695,0.89881265,pistol
206,0.010550916,0.01484555,0.9764825,0.9427768,pistol
207,0.6621722,0.73478043,0.746784,0.9011246,pistol
207,0.014568001,0.0,0.9882332,0.93950784,pistol
208,0.65856063,0.7376284,0.7438742,0.9042433,pistol
208,0.0054166615,0.0016238093,0.9558022,0.98033446,pistol
209,0.6492639,0.7446193,0.7340271,0.90608937,pistol
209,0.0047036707,0.0,0.9955634,0.97441363,pistol
210,0.6441126,0.74498034,0.7276876,0.90969694,pistol
210,0.0045977235,0.0,0.9952233,0.9761147,pistol
211,0.6441301,0.7449977,0.7277081,0.9097226,pistol
211,0.004597187,0.0,0.9952214,0.97610754,pistol
212,0.64236957,0.7448875,0.72626024,0.90899944,pistol
212,0.0045824945,0.0,0.99511135,0.97664165,pistol
213,0.63975966,0.74561,0.72506046,0.90999734,pistol
213,0.007989258,0.013787925,0.9884056,0.9452558,pistol
214,0.6355094,0.7456927,0.7207899,0.907273,pistol
214,0.010083735,0.0011512935,0.9916138,0.9457841,pistol
215,0.6350809,0.74587744,0.7204562,0.9078379,pistol
215,0.004530102,0.0,0.9954505,0.9784415,pistol
216,0.6320493,0.7468816,0.71748483,0.9089812,pistol
216,0.0044056475,0.0,0.9953741,0.9796952,pistol
217,0.6294972,0.7461313,0.7128787,0.90987146,pistol
217,0.009194225,0.030700535,0.9706187,0.9672638,pistol
218,0.62794584,0.7452672,0.7108293,0.9094735,pistol
218,0.0042262375,0.0,0.9953712,0.9803292,pistol
219,0.6260402,0.74475265,0.7093351,0.9084109,pistol
219,0.010188192,0.010082066,0.9927732,0.9539104,pistol
220,0.623476,0.7445929,0.7078358,0.9071548,pistol
220,0.012996674,0.0,0.99390686,0.95572215,pistol
221,0.62024623,0.7442291,0.70639974,0.906312,pistol
221,0.011471182,0.0,0.9941218,0.9569639,pistol
222,0.620066,0.7445806,0.7056548,0.9056636,pistol
222,0.011428356,0.0,0.99444854,0.9579669,pistol
223,0.61419517,0.7419511,0.69936484,0.90428865,pistol
223,0.009223521,0.0,0.97361857,0.96930367,pistol
224,0.6115563,0.74024016,0.69542205,0.9031014,pistol
224,0.014139116,0.0030318797,0.9814588,0.96219873,pistol
225,0.6049582,0.7380785,0.6909481,0.9009348,pistol
225,0.01328209,0.0,0.9805465,0.9625587,pistol
226,0.6024261,0.7333926,0.6870813,0.895695,pistol
226,0.0140737295,0.0,0.977752,0.9611868,pistol
227,0.5981274,0.72885835,0.68112797,0.89261365,pistol
227,0.014800161,0.0,0.9714557,0.9736142,pistol
228,0.5916578,0.7270415,0.6768488,0.88856006,pistol
228,0.014039427,0.0,0.9630214,0.9790178,pistol
229,0.5889556,0.72501063,0.6753649,0.88685215,pistol
229,0.013495028,0.0,0.97258335,0.9641303,pistol
230,0.5872476,0.71899325,0.6714275,0.8835508,pistol
230,0.0,0.0020489693,0.9793823,0.9659209,pistol
231,0.582812,0.71422017,0.6656521,0.87725854,pistol
231,0.015441626,0.0,0.967244,0.9712198,pistol
232,0.57566494,0.7117768,0.6606805,0.8749663,pistol
232,0.0061858594,0.03915763,0.9955361,0.9426923,pistol
233,0.55132985,0.7014241,0.63542116,0.8681574,pistol
233,0.0057007074,0.023698598,0.9865771,0.9636756,pistol
234,0.53350675,0.69623154,0.6173705,0.86098343,pistol
234,0.00080260634,0.0,0.99086857,0.9052835,pistol
235,0.51910406,0.69431096,0.6032309,0.85694784,pistol
235,0.0060989857,0.0027181506,0.9777425,0.92602634,pistol
236,0.5174348,0.6923298,0.60060376,0.85581213,pistol
236,0.005720049,0.008819222,0.9823078,0.92900664,pistol
237,0.51374424,0.69226575,0.59898865,0.85466063,pistol
237,0.0062395334,0.008928418,0.98233145,0.93005407,pistol
238,0.5113468,0.6935956,0.5980165,0.8555314,pistol
238,0.006288022,0.002566427,0.978922,0.9554678,pistol
239,0.50405526,0.6899544,0.5881041,0.8578032,pistol
239,0.006458819,0.0023519099,0.97908825,0.95494497,pistol
240,0.50346935,0.69329375,0.5870193,0.85547036,pistol
240,0.0065945983,0.002378881,0.9789898,0.95529026,pistol
241,0.49744338,0.69412667,0.58339864,0.85662645,pistol
241,0.0,0.0,0.9949196,0.95817685,pistol
242,0.49306467,0.6926001,0.5791065,0.8570251,pistol
242,0.0,0.0,0.9949347,0.9584896,pistol
243,0.48726413,0.69432175,0.57046485,0.85814273,pistol
243,0.0,0.0,0.9954834,0.95754147,pistol
244,0.48130006,0.69608456,0.56541115,0.8624148,pistol
244,0.010976106,0.0,0.69189453,0.977236,pistol
245,0.4746972,0.70109916,0.5600432,0.86816275,pistol
245,0.0005942881,0.0,0.9909036,0.9031613,pistol
246,0.4720342,0.7034723,0.5560539,0.8698998,pistol
246,0.010452956,0.0019325018,0.9353664,0.9105539,pistol
247,0.47252283,0.7069492,0.5549315,0.86920947,pistol
247,0.0004427135,0.0,0.9912777,0.90073633,pistol
248,0.46985006,0.709976,0.5536133,0.8727347,pistol
248,0.0028494596,0.0,0.9919093,0.96396315,pistol
249,0.4653428,0.71230567,0.550426,0.8757725,pistol
249,0.00021314621,0.0,0.99075955,0.90055096,pistol
250,0.46385637,0.7140045,0.5493391,0.8756336,pistol
250,0.00017946959,0.0,0.99072045,0.900905,pistol
251,0.46094766,0.7154794,0.5458322,0.87721837,pistol
251,0.00015723705,0.0,0.99075615,0.90045726,pistol
252,0.45688778,0.7175538,0.54072154,0.8839343,pistol
252,0.0,0.0,0.99064815,0.90167093,pistol
253,0.45632654,0.7174181,0.5397475,0.8828465,pistol
253,0.0,0.0,0.99068516,0.9016043,pistol
254,0.45571432,0.7188576,0.53923863,0.8836128,pistol
254,0.009591401,0.0038308203,0.9795728,0.94730055,pistol
255,0.45122826,0.72476804,0.53672826,0.886794,pistol
255,0.00011566281,0.0,0.99115527,0.9008523,pistol
256,0.44805092,0.7248535,0.53399134,0.8879615,pistol
256,0.0023221672,0.0016872287,0.98029995,0.9581518,pistol
257,0.4445277,0.7280688,0.5296568,0.8908521,pistol
257,0.0042966604,0.010971129,0.9778105,0.95133567,pistol
258,0.44113976,0.727599,0.5243725,0.8913933,pistol
258,0.0,0.0,0.9914892,0.90164804,pistol
259,0.4399685,0.7277444,0.5233271,0.8909504,pistol
259,0.0,0.0,0.99155664,0.90144485,pistol
260,0.43688256,0.7275964,0.5212478,0.88985586,pistol
260,0.0,0.0,0.99142253,0.90081596,pistol
261,0.43271482,0.7243901,0.5188432,0.8870502,pistol
261,2.2351742e-05,0.0,0.991312,0.90053564,pistol
262,0.42814955,0.72196245,0.51359403,0.8863692,pistol
262,4.887581e-06,0.0,0.9911039,0.9000542,pistol
263,0.42345315,0.72070813,0.5074054,0.88496375,pistol
263,0.0015051365,0.016336381,0.9761721,0.92605597,pistol
264,0.41723436,0.7156435,0.5023998,0.87933373,pistol
264,0.0015573502,0.014960974,0.981416,0.92434335,pistol
265,0.4146991,0.7109041,0.49921682,0.8740475,pistol
265,8.6814165e-05,0.0,0.9904493,0.897982,pistol
266,0.40966764,0.70852625,0.49392828,0.8731476,pistol
266,0.00021955371,0.0,0.990587,0.89800346,pistol
267,0.40658787,0.707129,0.4911627,0.8703979,pistol
267,0.0002462864,0.0,0.9904947,0.89664495,pistol
268,0.40232432,0.7035966,0.48719436,0.8683417,pistol
268,0.00023317337,0.0,0.9904576,0.89678526,pistol
269,0.39739728,0.70166934,0.4821909,0.8662627,pistol
269,0.00019839406,0.0,0.990389,0.89783716,pistol
270,0.39317763,0.6990113,0.47615469,0.86560774,pistol
270,0.00014615059,0.0,0.99039096,0.89832425,pistol
271,0.3880166,0.6981118,0.47339508,0.8635193,pistol
271,0.020304322,0.0061415136,0.9893302,0.910926,pistol
272,0.38482118,0.69873023,0.4700619,0.8619516,pistol
272,0.0,0.013929516,0.9635512,0.95766103,pistol
273,0.3772855,0.6938903,0.4597886,0.85858065,pistol
273,0.0,0.0083963275,0.96390617,0.9546338,pistol
274,0.3591945,0.6869717,0.44321856,0.85288066,pistol
274,0.0026191175,0.0,0.9853542,0.90289944,pistol
275,0.35282788,0.6857544,0.43866923,0.85056376,pistol
275,0.00015291572,9.971857e-05,0.99023545,0.8897564,pistol
276,0.35085118,0.6859119,0.4359604,0.8495723,pistol
276,0.00026211143,0.00038650632,0.99021626,0.8889519,pistol
277,0.35023707,0.68623024,0.4347872,0.84993786,pistol
277,0.00027909875,0.00047048926,0.99021614,0.88893604,pistol
278,0.3474601,0.6839583,0.43126237,0.8491703,pistol
278,0.0026555657,0.0,0.9858705,0.9013519,pistol
279,0.34583908,0.68259215,0.42850828,0.8484211,pistol
279,0.0026683807,0.0,0.98594725,0.90135944,pistol
280,0.34480348,0.6829323,0.42758718,0.84942335,pistol
280,0.0026700497,0.0,0.9857488,0.8998821,pistol
281,0.33835006,0.6821385,0.42433912,0.8476141,pistol
281,0.00038915873,0.0005095303,0.9901571,0.8849019,pistol
282,0.33358547,0.6834683,0.4181157,0.8473602,pistol
282,0.00040966272,0.0004799664,0.99020344,0.88460255,pistol
283,0.3308149,0.6827013,0.4131593,0.8478828,pistol
283,0.00042584538,0.0004890859,0.990186,0.88442683,pistol
284,0.3252757,0.6816371,0.41045788,0.8477381,pistol
284,0.000105798244,0.009263754,0.9679967,0.9114522,pistol
285,0.32329422,0.6839551,0.4090498,0.8493241,pistol
285,0.0010432005,0.014955878,0.958406,0.9099101,pistol
286,0.32088524,0.6842875,0.40702003,0.84939235,pistol
286,0.00053045154,0.015988857,0.9586226,0.9091178,pistol
287,0.32012594,0.68454283,0.4063897,0.8492852,pistol
287,5.5402517e-05,0.015650004,0.9592099,0.90933704,pistol
288,0.32079026,0.6878187,0.40639004,0.85176855,pistol
288,0.0026842356,0.008214653,0.99144876,0.96716046,pistol
289,0.31765136,0.6920393,0.40221068,0.8564057,pistol
289,0.0013336837,0.01311335,0.959901,0.9082539,pistol
290,0.31570822,0.69503427,0.39901388,0.8581259,pistol
290,0.0005735755,0.0,0.99057055,0.8911395,pistol
291,0.31397626,0.6965909,0.39720437,0.8617859,pistol
291,0.0145842135,0.0029007196,0.9872434,0.954406,pistol
292,0.30995613,0.7000904,0.39530146,0.8639021,pistol
292,0.0005198121,0.0,0.9906972,0.8908661,pistol
293,0.30637828,0.7068771,0.393455,0.86958694,pistol
293,0.00050377846,0.012984127,0.9612119,0.9047388,pistol
294,0.3051413,0.709824,0.39134035,0.87103516,pistol
294,0.0,0.01366511,0.9620682,0.90320885,pistol
295,0.3039267,0.7100657,0.38933396,0.873644,pistol
295,0.00028768182,0.014731914,0.9618677,0.9051044,pistol
296,0.3008406,0.71172076,0.38592592,0.8756855,pistol
296,0.009105235,0.0020847917,0.986997,0.9588167,pistol
297,0.29850593,0.71282935,0.38156226,0.87686276,pistol
297,0.010166436,0.0037446022,0.9859668,0.95918345,pistol
298,0.29232052,0.715416,0.37692127,0.8791625,pistol
298,0.0,0.0,0.97489405,0.9496162,pistol
299,0.29035568,0.71976256,0.37619293,0.88259816,pistol
299,0.0,0.0,0.9754982,0.95012033,pistol
300,0.28824353,0.7218503,0.37408477,0.8861904,pistol
300,0.0,0.0,0.9757567,0.95069695,pistol
301,0.28523698,0.71728766,0.3674443,0.8830681,pistol
301,0.001121074,0.00016212463,0.99027216,0.8921426,pistol
302,0.28411156,0.7188535,0.36647606,0.8839201,pistol
302,0.022710502,0.024742931,0.99038726,0.9744158,pistol
303,0.28045171,0.7148663,0.36522382,0.88078964,pistol
303,0.021838605,0.026258051,0.99033624,0.9713043,pistol
304,0.27617747,0.7138308,0.36070764,0.87450767,pistol
304,0.0,0.0,0.94519675,0.9184945,pistol
305,0.27004865,0.7118239,0.35556749,0.87538606,pistol
305,0.0131215155,0.021011263,0.97605276,0.9568976,pistol
306,0.26712832,0.7097373,0.35239998,0.87373996,pistol
306,0.011594474,0.02319792,0.97589153,0.9503881,pistol
307,0.260068,0.70515966,0.3460127,0.8685794,pistol
307,0.0,0.0043545365,0.97584873,0.9401304,pistol
308,0.25842354,0.70393735,0.34348008,0.869291,pistol
308,0.0011974573,0.0,0.9908298,0.88129836,pistol
309,0.25409627,0.69934213,0.33581698,0.8653563,pistol
309,0.0,0.004226923,0.97318465,0.9305167,pistol
310,0.24863695,0.69761807,0.33298916,0.8639508,pistol
310,0.0,0.0022375882,0.97512794,0.92816234,pistol
311,0.2457688,0.6977857,0.33029217,0.86115617,pistol
311,0.0011011958,0.0,0.9913251,0.8885231,pistol
312,0.24488926,0.6980646,0.32955402,0.86059207,pistol
312,0.0011003613,0.0,0.9913567,0.88904655,pistol
313,0.23925339,0.6982937,0.3231917,0.8621744,pistol
313,0.0013797879,0.0,0.9913651,0.8888538,pistol
314,0.2354807,0.6966093,0.31850877,0.862696,pistol
314,0.0014671087,0.0,0.99127674,0.88365066,pistol
315,0.2310284,0.6969173,0.31516698,0.8604107,pistol
315,0.0014623106,0.0,0.9912945,0.8857442,pistol
316,0.22704457,0.6988255,0.3110796,0.8601203,pistol
316,0.0251939,0.011614025,0.99056804,0.9189784,pistol
317,0.22538415,0.69758713,0.3085762,0.86030257,pistol
317,0.0015403032,0.0,0.991423,0.88877547,pistol
318,0.22293928,0.69686717,0.3046616,0.85997456,pistol
318,0.0016575754,0.0,0.9912361,0.88509685,pistol
319,0.2220239,0.6963643,0.30399728,0.85996854,pistol
319,0.0017188787,0.0,0.99116915,0.8834592,pistol
320,0.22018185,0.6954001,0.30307093,0.8603053,pistol
320,0.015580267,0.0043518543,0.99541926,0.9579694,pistol
321,0.21567081,0.6946134,0.3001354,0.8604608,pistol
321,0.017160952,0.011445016,0.9947044,0.95340264,pistol
322,0.21565707,0.6946241,0.30013958,0.8604571,pistol
322,0.017153144,0.011458069,0.9946972,0.9534241,pistol
323,0.20905648,0.6988545,0.29372203,0.86214024,pistol
323,0.0017827153,0.0,0.99119407,0.88353574,pistol
324,0.2067141,0.70194083,0.2892317,0.8673468,pistol
324,0.0022352338,0.0,0.9908826,0.8758079,pistol
325,0.20243596,0.7075489,0.28673655,0.8726494,pistol
325,0.017360806,0.0,1.0,0.9652225,pistol
326,0.19875157,0.71010864,0.2844444,0.8740288,pistol
326,0.019881338,0.0,0.999073,0.9637177,pistol
327,0.19890119,0.7117817,0.28319752,0.87526244,pistol
327,0.0024363995,0.0,0.9901478,0.87120783,pistol
328,0.19673124,0.71376634,0.28193763,0.875751,pistol
328,0.0023678541,0.0,0.99026966,0.87174106,pistol
329,0.19604887,0.7151475,0.28152,0.87730134,pistol
329,0.0023488402,0.0,0.9903115,0.87164605,pistol
330,0.1929635,0.7179951,0.2770628,0.88482124,pistol
330,0.0022121966,0.0,0.99061096,0.8764157,pistol
331,0.18870588,0.7269598,0.2715568,0.8902141,pistol
331,0.002117455,0.0,0.9908172,0.87845546,pistol
332,0.18695997,0.72731674,0.27112845,0.8916509,pistol
332,0.077165484,0.042488188,1.0,0.9772278,pistol
333,0.18400335,0.7308096,0.26824677,0.8954138,pistol
333,0.07700294,0.04310873,1.0,0.97845197,pistol
334,0.18140814,0.7324059,0.26755592,0.8981422,pistol
334,0.076180786,0.043099433,1.0,0.97926974,pistol
335,0.17933777,0.7351747,0.26383924,0.9004293,pistol
335,0.018440813,0.0,0.99921036,0.9604382,pistol
336,0.17862496,0.7360162,0.26392937,0.90214056,pistol
336,0.014533669,0.024318546,0.99017084,0.9528824,pistol
337,0.17623074,0.73760885,0.259817,0.9030511,pistol
337,0.0738529,0.041864455,1.0,0.97990674,pistol
338,0.17567,0.73701334,0.2578362,0.9025581,pistol
338,0.07294235,0.0418956,1.0,0.9798149,pistol
339,0.17389268,0.73772156,0.25706166,0.9022318,pistol
339,0.019246042,0.0,0.9982144,0.96641254,pistol
340,0.17205904,0.7378566,0.25591654,0.9022875,pistol
340,0.022660613,0.0,0.9864094,0.9567815,pistol
341,0.16727678,0.7395115,0.25376263,0.9025897,pistol
341,0.07341933,0.043887734,1.0,0.9817045,pistol
342,0.16593751,0.73851144,0.25345236,0.9013276,pistol
342,0.021163285,0.0,0.998305,0.9689437,pistol
343,0.16462882,0.7386608,0.2518711,0.90073,pistol
343,0.0722695,0.045100838,1.0,0.98164546,pistol
344,0.16083296,0.73297405,0.24488147,0.8982892,pistol
344,0.012953669,0.002832979,0.9901844,0.96579635,pistol
345,0.16024992,0.73157364,0.2436615,0.8961261,pistol
345,0.011278957,0.017415702,0.9918479,0.96061987,pistol
346,0.15923445,0.7295078,0.24239822,0.89312315,pistol
346,0.01378867,0.02804017,0.9866836,0.9559664,pistol
347,0.15274934,0.72486794,0.23786141,0.8892853,pistol
347,0.07417756,0.044292927,1.0,0.9809563,pistol
348,0.14665541,0.71715343,0.22984505,0.8853886,pistol
348,0.009595215,0.0039413273,0.9911248,0.96202505,pistol
349,0.13400058,0.7130608,0.2175379,0.87504584,pistol
349,0.023107588,0.008068919,0.9938132,0.93119967,pistol
350,0.12964909,0.710559,0.21344714,0.8734206,pistol
350,0.017882854,0.008523077,0.9882885,0.97385144,pistol
351,0.12661415,0.70816785,0.20964262,0.8716168,pistol
351,0.023204923,0.007997602,0.9938401,0.9334228,pistol
352,0.12014298,0.7065718,0.2064317,0.8695495,pistol
352,0.0,0.0042217374,0.9907043,0.9539568,pistol
353,0.11366744,0.70120776,0.19502477,0.8689207,pistol
353,0.0006208718,0.003994763,0.9899262,0.95317656,pistol
354,0.1067108,0.70167077,0.18941402,0.8667768,pistol
354,0.0,0.004266441,0.9903388,0.95335704,pistol
355,0.08659026,0.7001305,0.16986063,0.8664413,pistol
355,0.038841933,0.0024531186,0.99912167,0.96811926,pistol
356,0.07249609,0.6982823,0.1564824,0.85913724,pistol
356,0.029377788,0.0,0.9932394,0.9772222,pistol
357,0.07054691,0.6984805,0.15344436,0.8606008,pistol
357,0.0296458,0.0,0.99320316,0.9771167,pistol
358,0.06926431,0.69837004,0.15267803,0.8603671,pistol
358,0.029625297,0.0,0.9931879,0.9774141,pistol
359,0.06790826,0.6981983,0.15060274,0.86075675,pistol
359,0.0,0.0032315552,0.9922535,0.96668804,pistol
360,0.066265404,0.69697815,0.14805925,0.860841,pistol
360,0.04016584,0.0020143688,0.9992755,0.9694034,pistol
361,0.0618981,0.69566476,0.14428069,0.86283195,pistol
361,0.0,0.0029741228,0.9924859,0.96985924,pistol
362,0.058094744,0.6986879,0.14228715,0.86414874,pistol
362,0.0,0.0029051006,0.99261796,0.9708507,pistol
363,0.05564647,0.7036978,0.13969326,0.86862147,pistol
363,0.0,0.0028123856,0.9929124,0.9712448,pistol
364,0.05291905,0.70457417,0.13515441,0.87246794,pistol
364,0.0,0.0033138394,0.9932443,0.97264796,pistol
365,0.050405245,0.71051806,0.13228226,0.87337047,pistol
365,0.0,0.0030196905,0.9933181,0.97251445,pistol
366,0.047478814,0.7119692,0.12862693,0.87846404,pistol
366,0.0,0.0029738843,0.99344814,0.97426116,pistol
367,0.042530663,0.72219074,0.12652677,0.8844427,pistol
367,0.0,0.0025997162,0.99417424,0.97688895,pistol
368,0.038847793,0.7260872,0.12260623,0.89037454,pistol
368,0.0,0.0025015473,0.9943704,0.97710514,pistol
369,0.035914842,0.72827375,0.117544144,0.89199805,pistol
369,0.0,0.0023553967,0.994522,0.97857636,pistol
370,0.03065192,0.73568344,0.11369736,0.90193164,pistol
370,0.0,0.0024657547,0.9946542,0.97843957,pistol
371,0.027546585,0.74073523,0.111350715,0.9057812,pistol
371,0.0,0.0025746524,0.9947374,0.9791844,pistol
372,0.021374099,0.74814206,0.102611296,0.91332465,pistol
372,0.0,0.0024442077,0.9949986,0.97944134,pistol
373,0.020244535,0.75186986,0.10167763,0.91497415,pistol
373,0.041917026,0.0018177629,1.0,0.9751604,pistol
374,0.020244073,0.75185955,0.101677775,0.9149729,pistol
374,0.041917294,0.0018178225,1.0,0.9751598,pistol
375,0.018099003,0.7530218,0.10056686,0.9168828,pistol
375,0.04217887,0.001819849,1.0,0.97528374,pistol
376,0.017828993,0.74857336,0.100012355,0.91278476,pistol
376,0.0,0.0023760498,0.9951649,0.9790522,pistol
377,0.018145695,0.7453743,0.09884246,0.91075075,pistol
377,0.0,0.002459824,0.9950566,0.978837,pistol
378,0.01732647,0.74306035,0.09882967,0.90583146,pistol
378,0.0,0.0024241507,0.9950655,0.97876644,pistol
379,0.013915293,0.7381587,0.09744812,0.9019599,pistol
379,0.0,0.002296865,0.9951452,0.978989,pistol
380,0.014683038,0.7302755,0.09516761,0.89597714,pistol
380,0.0,0.0021326244,0.99501777,0.9797579,pistol
381,0.011621453,0.7285572,0.095054165,0.8900348,pistol
381,0.0,0.0019134283,0.99504656,0.9788483,pistol
382,0.007182706,0.7234156,0.09222101,0.8859682,pistol
382,0.0,0.0018793643,0.9948968,0.9783981,pistol
383,0.006910216,0.71861243,0.091583684,0.88348234,pistol
383,0.0,0.0017730892,0.9947603,0.9781952,pistol
384,0.0060047023,0.7143051,0.08940686,0.8765132,pistol
384,0.0,0.0016186237,0.9945612,0.9778914,pistol
385,0.0050032362,0.7098711,0.08763758,0.8730796,pistol
385,0.0,0.0015908182,0.99441934,0.9772811,pistol
386,0.003996499,0.69848835,0.083926655,0.8626977,pistol
386,0.033307403,0.0,0.9945911,0.98548216,pistol
387,0.001382146,0.69417894,0.081661165,0.85765874,pistol
387,0.0,0.0012767911,0.9938885,0.97670335,pistol
388,0.00076084957,0.68288845,0.07864818,0.8479313,pistol
388,0.0,0.0014750957,0.9940281,0.9762631,pistol
389,0.0006893985,0.68140966,0.07502419,0.8448325,pistol
389,0.038609713,0.0,0.99887013,0.9452488,pistol
390,0.0,0.6750126,0.07284644,0.84059334,pistol
390,0.03861752,0.0,0.99891746,0.9462644,pistol
391,0.0,0.6664049,0.07140294,0.83251077,pistol
391,0.038418204,0.0,0.9989754,0.945902,pistol
392,0.0005126111,0.6573871,0.070941016,0.8232953,pistol
392,0.03786537,0.0,0.99915004,0.94667745,pistol
393,0.00019382313,0.65225255,0.07051818,0.8193461,pistol
393,0.03747064,0.0,0.9991707,0.9467647,pistol
394,0.00012987852,0.64713067,0.07034568,0.81393355,pistol
394,0.037437737,0.0,0.99926656,0.946132,pistol
395,0.0005022213,0.6427925,0.07115851,0.8088339,pistol
395,0.037482113,0.0,0.999305,0.94590926,pistol
396,0.0,0.6374743,0.07295817,0.80096793,pistol
396,0.036732137,0.0,0.9993356,0.9463146,pistol
397,0.00061079115,0.63493824,0.075413026,0.79704833,pistol
397,0.036414593,0.0,0.9994106,0.9465889,pistol
398,0.00044124573,0.62936383,0.07717694,0.7941956,pistol
398,0.036779583,0.0,0.99938136,0.94705296,pistol
399,0.00040580332,0.62354183,0.07703911,0.78872633,pistol
399,0.0031470656,0.0018548965,0.9935278,0.97709405,pistol
400,0.0015621558,0.618409,0.07970512,0.7849248,pistol
400,0.0031055212,0.0018244386,0.9936318,0.9771848,pistol
401,0.0013528839,0.618373,0.07983781,0.7839263,pistol
401,0.003460139,0.0017955303,0.9933754,0.97648185,pistol
402,0.0020093247,0.61666614,0.08327249,0.7828154,pistol
402,0.0035246909,0.0021233857,0.9932842,0.97623074,pistol
403,0.0036103316,0.61335635,0.084730685,0.7756417,pistol
403,0.041467547,0.001232624,1.0,0.97348726,pistol
404,0.0057459585,0.6069741,0.086317495,0.7720189,pistol
404,0.042483717,0.0013751388,0.99994695,0.9727656,pistol
405,0.008917309,0.6028781,0.093785994,0.7659905,pistol
405,0.0025755763,0.0023771524,0.9931596,0.9744149,pistol
406,0.018371034,0.59150743,0.0996805,0.7568263,pistol
406,0.0023876727,0.0025475323,0.9927833,0.97791266,pistol
407,0.022643745,0.58525115,0.10182977,0.7492737,pistol
407,0.0038040578,0.0022875369,0.9917731,0.9790633,pistol
408,0.026265036,0.5774327,0.10874054,0.74149984,pistol
408,0.03286624,0.0,0.9938357,0.97991616,pistol
409,0.035391767,0.56646144,0.11902727,0.7344179,pistol
409,0.006349057,0.0008998215,0.990868,0.97162986,pistol
410,0.056324787,0.54963815,0.14034587,0.71180356,pistol
410,0.04106155,0.00048941374,0.9997815,0.96831805,pistol
411,0.06857693,0.5421803,0.1525072,0.7056017,pistol
411,0.040681064,0.0008344352,0.9996509,0.96717465,pistol
412,0.0804089,0.53342885,0.16259047,0.6982481,pistol
412,0.0073348284,0.0,0.9909231,0.9679774,pistol
413,0.0926982,0.5244661,0.17644621,0.69212407,pistol
413,0.010112256,0.0,0.99010766,0.9668661,pistol
414,0.1031284,0.522804,0.18829736,0.6865089,pistol
414,0.05364546,0.049910307,0.99792194,0.9933411,pistol
415,0.11014171,0.5214097,0.19203113,0.68449634,pistol
415,0.055950254,0.04987371,0.9977646,0.9931202,pistol
416,0.11347832,0.5164277,0.19641595,0.6840361,pistol
416,0.05893722,0.048966408,0.99723613,0.9929459,pistol
417,0.118532576,0.51415426,0.20397958,0.68064815,pistol
417,0.088155836,0.034171343,1.0,0.9979081,pistol
418,0.14384826,0.51286465,0.22456463,0.6790634,pistol
418,0.09397265,0.03195533,1.0,0.9986056,pistol
419,0.14566316,0.5133817,0.22888966,0.6807052,pistol
419,0.046593368,0.004909903,0.999167,0.9627235,pistol
420,0.14605662,0.51437247,0.22973618,0.6791065,pistol
420,0.06671229,0.042270064,0.9968926,0.9913572,pistol
421,0.14735584,0.51414734,0.23201175,0.6806392,pistol
421,0.06668359,0.04242912,0.9967721,0.99109924,pistol
422,0.15187797,0.5181185,0.23691836,0.6793361,pistol
422,0.06816977,0.041944653,0.9962762,0.9900341,pistol
423,0.16681118,0.5234825,0.2522432,0.6884721,pistol
423,0.05025184,0.0,0.9950112,0.9626083,pistol
424,0.182884,0.53070605,0.26878223,0.69618976,pistol
424,0.079764485,0.03565064,0.99740636,0.9900948,pistol
425,0.18957092,0.5390796,0.2724622,0.7014428,pistol
425,0.08246514,0.032848656,0.99814796,0.99001044,pistol
426,0.19117767,0.5396584,0.2739982,0.7040242,pistol
426,0.08647531,0.032554626,0.99807733,0.9893578,pistol
427,0.19506286,0.5462037,0.28161865,0.70995396,pistol
427,0.090224445,0.030817598,0.99853414,0.9889692,pistol
428,0.20124298,0.5534266,0.28583953,0.7175797,pistol
428,0.09591833,0.030708224,0.9986193,0.98911345,pistol
429,0.20497598,0.55651635,0.28798205,0.7218922,pistol
429,0.102837116,0.03188318,0.9988421,0.9884431,pistol
430,0.2077272,0.55900145,0.2925703,0.7260784,pistol
430,0.101715475,0.031138092,0.9997368,0.9877976,pistol
431,0.21222208,0.56406,0.29704893,0.7268001,pistol
431,0.09517914,0.028897107,1.0,0.98851484,pistol
432,0.21366002,0.56732213,0.3005671,0.73029685,pistol
432,0.09240696,0.02829206,1.0,0.9886559,pistol
433,0.21772778,0.5682106,0.30279112,0.7330359,pistol
433,0.09455389,0.024907976,1.0,0.9884592,pistol
434,0.22196752,0.5705884,0.3038686,0.7325031,pistol
435,0.22421402,0.5733551,0.30785406,0.7364055,pistol
436,0.23656897,0.5803048,0.320472,0.7449133,pistol
436,0.1630013,0.032138348,0.9994502,0.9927633,pistol
437,0.25467613,0.58525884,0.3368846,0.7481358,pistol
437,0.0055831075,0.0005380511,0.9398126,0.821446,pistol
438,0.2704882,0.58899844,0.3560692,0.75464904,pistol
438,0.011951566,0.0,0.98849344,0.87324655,pistol
439,0.28583845,0.58930576,0.36820683,0.7544365,pistol
439,0.011995405,0.0,0.9880347,0.88471127,pistol
440,0.29171842,0.58816594,0.3771568,0.75082844,pistol
441,0.299241,0.5865586,0.38251585,0.749684,pistol
441,0.0003619194,0.0,0.9530469,0.85487986,pistol
442,0.31398278,0.5792957,0.39712238,0.7459448,pistol
442,0.0002233684,0.00023943186,0.9514469,0.8541134,pistol
443,0.32357445,0.5751496,0.40977737,0.74148077,pistol
443,0.0056817234,0.0,0.934713,0.9830803,pistol
444,0.33097097,0.57209134,0.414659,0.7372997,pistol
445,0.3440185,0.56021136,0.42744723,0.7272008,pistol
446,0.35426566,0.553025,0.44016722,0.71520317,pistol
447,0.36203668,0.5400176,0.4458306,0.7031832,pistol
448,0.3696306,0.52086794,0.456274,0.6854873,pistol
449,0.37349916,0.5112798,0.45820403,0.67881215,pistol
450,0.37622172,0.5095671,0.45979607,0.67379194,pistol
450,0.019771814,0.0,0.98550296,0.9956751,pistol
451,0.37876523,0.50040805,0.46344364,0.669109,pistol
451,0.021306843,0.0,0.9877151,0.99926555,pistol
452,0.38390553,0.49489492,0.46992296,0.6593198,pistol
453,0.3879552,0.49026293,0.47338837,0.6544605,pistol
454,0.3927016,0.48209634,0.4767168,0.6471138,pistol
455,0.40894327,0.4758693,0.4954674,0.63983023,pistol
455,0.0031113923,0.0,0.974828,0.9844462,pistol
456,0.43793073,0.46162474,0.52269757,0.62664604,pistol
457,0.45145804,0.45375612,0.5365828,0.61836874,pistol
457,0.07852444,0.0,0.9952575,0.98409843,pistol
458,0.45146716,0.45386323,0.53667504,0.61841285,pistol
459,0.45118567,0.44968975,0.53687096,0.6179868,pistol
460,0.45519862,0.45065218,0.53907824,0.61832017,pistol
461,0.46325052,0.449701,0.5507016,0.6159224,pistol
462,0.49367517,0.4478789,0.5787501,0.6103893,pistol
463,0.50778174,0.44512358,0.59225607,0.60816425,pistol
464,0.51311326,0.44626078,0.59856176,0.61142874,pistol
465,0.52031636,0.44775957,0.6037345,0.61233574,pistol
466,0.53304935,0.45505503,0.6171597,0.61879754,pistol
467,0.54184306,0.4616966,0.6275965,0.6245686,pistol
468,0.5658884,0.476025,0.64948833,0.6393938,pistol
469,0.5680998,0.4782443,0.6525629,0.6420996,pistol
469,0.012305111,0.0,0.98609424,0.9787148,pistol
470,0.57060224,0.48292166,0.6567679,0.6495305,pistol
470,0.014037907,0.0,0.986093,0.9782501,pistol
471,0.5729236,0.4900815,0.66058546,0.6528967,pistol
471,0.013038427,0.0,0.9889517,0.98056704,pistol
472,0.57995963,0.4949674,0.66374314,0.6594524,pistol
472,0.012012064,0.0,0.9899232,0.98060465,pistol
473,0.5844365,0.50364953,0.668302,0.6700353,pistol
473,0.011045933,0.0,0.9402492,0.9899416,pistol
474,0.59197736,0.5128905,0.67638767,0.678798,pistol
475,0.5979411,0.5238062,0.682802,0.68761253,pistol
475,0.0049880743,0.0,0.98775,0.9842662,pistol
476,0.60316086,0.5270177,0.688432,0.69078064,pistol
476,0.011098564,0.0067023933,0.71478754,0.914606,pistol
477,0.60771024,0.5308464,0.69242775,0.6982085,pistol
477,0.0,0.0,0.9793048,0.9803039,pistol
478,0.6210802,0.53925747,0.70618826,0.704148,pistol
478,0.0,0.0,0.9768881,0.9807586,pistol
479,0.63813066,0.5425298,0.722098,0.7113993,pistol
479,0.007849842,0.006394267,0.78173435,0.9072542,pistol
480,0.6512832,0.5530852,0.73846465,0.7174492,pistol
480,0.0064837933,0.0037976205,0.7842674,0.9091337,pistol
481,0.66373956,0.5557413,0.74799466,0.7195904,pistol
481,0.0,0.008394629,0.93708324,0.91722775,pistol
482,0.67083555,0.55585283,0.7561403,0.7212786,pistol
482,0.006222427,0.004597962,0.79094714,0.9105993,pistol
483,0.68766737,0.5561587,0.7722342,0.7209434,pistol
483,0.006798506,0.004129261,0.78820807,0.9122839,pistol
484,0.70518655,0.5449118,0.78838474,0.71359295,pistol
484,0.0070868433,0.004945308,0.7963362,0.9079232,pistol
485,0.71696025,0.53878635,0.80246097,0.7035392,pistol
486,0.72250414,0.5280578,0.8050076,0.6966628,pistol
486,0.0030080378,0.016312987,0.988904,1.0,pistol
487,0.72668016,0.517677,0.8139595,0.6824091,pistol
487,0.005020231,0.0029304624,0.99207675,0.9887143,pistol
488,0.73824847,0.49939,0.8215538,0.6652714,pistol
488,0.008612543,0.0,0.97747576,0.97904515,pistol
489,0.74506956,0.48209128,0.8302645,0.6480101,pistol
489,0.0,0.0,0.9244219,0.9097017,pistol
490,0.7518791,0.4686695,0.83560634,0.6360426,pistol
490,0.0,0.0,0.92040014,0.9043391,pistol
491,0.7547276,0.4623475,0.83863795,0.6256,pistol
491,0.0,0.0,0.9205972,0.9013644,pistol
492,0.7606523,0.45090315,0.8476317,0.61629534,pistol
492,0.012652844,0.0,0.97438407,0.98068184,pistol
493,0.7640672,0.44591105,0.84778047,0.61033714,pistol
493,0.0,0.0,0.9202056,0.90531963,pistol
494,0.7670132,0.4425829,0.85198796,0.6089774,pistol
494,0.0,0.0,0.9195335,0.9083004,pistol
495,0.77092934,0.4341465,0.85649705,0.6027832,pistol
495,0.014463097,0.0,0.9699321,0.9763808,pistol
496,0.7768688,0.42677978,0.8623991,0.5910861,pistol
496,0.00044253469,0.0,0.9205543,0.9152577,pistol
497,0.77731264,0.42354414,0.86432123,0.58952874,pistol
497,0.0006172657,0.0,0.9220786,0.9187505,pistol
498,0.7834103,0.41673362,0.8663062,0.5823372,pistol
498,0.00018271804,0.0,0.9240012,0.92307246,pistol
499,0.7904248,0.4112854,0.87715197,0.57602423,pistol
499,0.0,0.0,0.93692744,0.929966,pistol
500,0.80456764,0.41021308,0.89024884,0.57297593,pistol
500,0.0,0.0,0.98682094,0.9835175,pistol
501,0.81316227,0.40552878,0.8975906,0.57218486,pistol
501,0.0,0.0,0.98416644,0.98474246,pistol
502,0.823701,0.40877047,0.90985966,0.5723635,pistol
502,0.0,0.0,0.984047,0.9871285,pistol
503,0.83112115,0.4076302,0.91429025,0.5726055,pistol
503,0.0,0.0,0.983937,0.9872401,pistol
504,0.8375737,0.41011554,0.9247804,0.5753642,pistol
504,0.0,0.0,0.9829363,0.98705876,pistol
505,0.8458576,0.41346735,0.9301555,0.57680655,pistol
505,0.0,0.0,0.9875692,0.98792446,pistol
506,0.8489145,0.41659313,0.93226075,0.5794909,pistol
506,0.0,0.0,0.98713905,0.98855007,pistol
507,0.8617757,0.42305034,0.9455648,0.589557,pistol
507,0.0,0.0,0.982877,0.987889,pistol
508,0.8722966,0.4291119,0.9566519,0.5947395,pistol
508,0.0,0.0,0.9864911,0.9884491,pistol
509,0.87805253,0.4344326,0.9605517,0.6006189,pistol
509,0.0,0.0,0.9894264,0.9886623,pistol
510,0.8883411,0.44422057,0.9728953,0.6084243,pistol
510,0.0,0.0,0.99281824,0.98937047,pistol
511,0.89632887,0.44798106,0.9806916,0.6126173,pistol
511,0.0,0.0,0.99186116,0.98949885,pistol
512,0.8987992,0.45137206,0.98744786,0.6175592,pistol
512,0.0,0.0,0.9914293,0.98947656,pistol
513,0.9006981,0.45503578,0.9908815,0.61946666,pistol
513,0.011141032,0.02080661,0.97905433,0.9465527,pistol
514,0.90792537,0.45883083,0.99517834,0.6222156,pistol
514,0.0031977892,0.0028415322,0.9725689,0.96587723,pistol
515,0.91183,0.46016127,0.99827904,0.62600833,pistol
515,0.0,0.0,0.9927623,0.9893678,pistol
516,0.9148998,0.46320343,0.9983736,0.6267065,pistol
516,0.016243756,0.0,0.9692576,1.0,pistol
517,0.91483724,0.46410784,0.9983796,0.627747,pistol
517,0.0,0.0,0.99161905,0.98908913,pistol
518,0.9152719,0.46306694,1.0,0.6276227,pistol
518,0.0,0.0,0.9908545,0.9889219,pistol
519,0.91526043,0.46305904,1.0,0.62764156,pistol
519,0.0,0.0,0.9908308,0.9889164,pistol
520,0.9177949,0.46164072,1.0,0.62725973,pistol
520,0.0,0.0,0.9901006,0.98878574,pistol
521,0.9194924,0.46016204,1.0,0.6270553,pistol
521,0.0,0.0,0.9899411,0.98880816,pistol
522,0.9202414,0.46074128,1.0,0.6303767,pistol
522,0.0,0.0,0.9901322,0.9888098,pistol
523,0.92028594,0.4616125,1.0,0.6299195,pistol
523,0.0,0.0,0.989886,0.9887816,pistol
524,0.9243619,0.45951533,0.9997141,0.6288421,pistol
524,0.0,0.0,0.9886451,0.98866516,pistol
525,0.92480356,0.4592725,0.99910825,0.63004184,pistol
525,0.0067260563,0.0,0.97721994,0.9796555,pistol
526,0.9263922,0.45825058,0.99847114,0.635968,pistol
526,0.0,0.0,0.98724705,0.98860794,pistol
527,0.92639774,0.4582763,0.9984717,0.6359366,pistol
527,0.0,0.0,0.98724675,0.9886078,pistol
528,0.92733276,0.45923758,0.9981904,0.64054894,pistol
528,0.0,0.0,0.9866047,0.9886406,pistol
529,0.9282978,0.45896947,0.9976266,0.65214455,pistol
529,0.0062237084,0.0,0.98009837,0.98005086,pistol
530,0.92837244,0.45597696,0.9982901,0.6326182,pistol
530,0.00306046,0.0049495995,0.9842393,0.9904227,pistol
531,0.9283727,0.4559842,0.9983037,0.6325508,pistol
531,0.0030596852,0.0049491525,0.98423296,0.990427,pistol
532,0.9261418,0.45582905,0.99926895,0.6876892,pistol
532,0.0,0.0,0.9856657,0.9885156,pistol
533,0.92569596,0.45722136,0.9993358,0.663411,pistol
533,0.0,0.0,0.9858295,0.988467,pistol
534,0.9247288,0.4485957,0.9993451,0.6167732,pistol
534,0.0,0.0,0.98721206,0.9885473,pistol
535,0.9222983,0.4435512,1.0,0.6119363,pistol
535,0.0,0.0,0.98789227,0.9886918,pistol
536,0.9202126,0.4420572,1.0,0.60617954,pistol
536,0.0,0.0,0.9873085,0.9887694,pistol
537,0.9180515,0.43097758,1.0,0.59504676,pistol
537,0.0,0.0,0.9869303,0.98888713,pistol
538,0.9160002,0.42847952,1.0,0.59197843,pistol
538,0.0,0.0,0.98698795,0.9889549,pistol
539,0.9140194,0.42606053,0.9997446,0.59113634,pistol
539,0.0,0.0,0.98755753,0.9891388,pistol
540,0.9120656,0.4178298,0.9978236,0.58430487,pistol
540,0.0,0.0,0.98829246,0.9893018,pistol
541,0.90547335,0.40994573,0.9936919,0.575108,pistol
541,0.0,0.0,0.98796666,0.9894055,pistol
542,0.90208864,0.40413964,0.99243677,0.57281333,pistol
542,0.0,0.0,0.9866293,0.9892185,pistol
543,0.90067893,0.40351722,0.9892636,0.5693208,pistol
543,0.0,0.0,0.98648375,0.98917496,pistol
544,0.88940066,0.39586893,0.975406,0.561342,pistol
544,0.0,0.0,0.9863502,0.98900104,pistol
545,0.87317336,0.39062393,0.9591999,0.55745226,pistol
545,0.0,0.0,0.98283803,0.9868252,pistol
546,0.8625952,0.38279468,0.94646025,0.54455966,pistol
546,0.0,0.0,0.98838294,0.98720974,pistol
547,0.8535319,0.37705335,0.9388487,0.5394124,pistol
547,0.0,0.0,0.98235273,0.9864173,pistol
548,0.83772206,0.36729363,0.922191,0.52954966,pistol
548,0.0,0.0,0.9855372,0.9883325,pistol
549,0.82138926,0.3633353,0.90752155,0.5271424,pistol
549,0.0,0.0,0.97194475,0.985363,pistol
550,0.8070076,0.35425305,0.8922021,0.51739323,pistol
550,0.0,0.0,0.9380962,0.9505421,pistol
551,0.80237305,0.35396954,0.8859335,0.5169819,pistol
551,0.0,0.0041312575,0.96901,0.97956955,pistol
552,0.7985265,0.3524341,0.8821498,0.5163442,pistol
552,0.0,0.0,0.9423523,0.94756335,pistol
553,0.79044235,0.3538318,0.8753083,0.51671225,pistol
553,0.0,0.0,0.9418884,0.9464391,pistol
554,0.7862074,0.35428557,0.8696055,0.51698226,pistol
554,0.00034075975,0.0,0.93760806,0.94539565,pistol
555,0.782992,0.35252768,0.8669189,0.51637596,pistol
555,0.00077953935,0.0,0.9339957,0.9446591,pistol
556,0.7783571,0.35402694,0.8630077,0.51981807,pistol
556,0.0008883774,0.0,0.9309,0.9428825,pistol
557,0.7585152,0.36646473,0.8434786,0.52886814,pistol
557,0.00047183037,0.0,0.92830026,0.9398534,pistol
558,0.7416627,0.37119973,0.82799655,0.53749084,pistol
558,0.0062132776,0.0,0.92564535,0.9592113,pistol
559,0.72667795,0.37530744,0.8147914,0.5392509,pistol
559,0.002872914,0.0,0.9225626,0.9711647,pistol
560,0.7260817,0.37542084,0.81329215,0.5417902,pistol
560,0.008636862,7.760525e-05,0.7610657,0.9161437,pistol
561,0.7253578,0.37464523,0.8124763,0.5434285,pistol
561,0.008663237,0.0002629161,0.77104497,0.9112087,pistol
562,0.7228811,0.3716194,0.8062153,0.53956175,pistol
562,0.010910183,0.0,0.98334646,0.9797714,pistol
563,0.7180068,0.3685016,0.8022588,0.537859,pistol
563,0.007192731,0.0,0.77163106,0.9101923,pistol
564,0.7153186,0.3691529,0.80093163,0.53424853,pistol
564,0.0074978173,0.0,0.77473235,0.9078369,pistol
565,0.712028,0.36822283,0.79685855,0.52982193,pistol
565,0.007410884,0.0,0.7674712,0.911209,pistol
566,0.7071851,0.3614927,0.7930328,0.52870834,pistol
566,0.007727802,0.0,0.76924807,0.90926015,pistol
567,0.69956464,0.3531409,0.7836626,0.52105325,pistol
567,0.006853193,0.0,0.7620684,0.9111761,pistol
568,0.69015044,0.3463665,0.77583295,0.51289076,pistol
568,0.004979372,0.0,0.745852,0.9202677,pistol
569,0.68456364,0.3371702,0.7690451,0.50701714,pistol
569,0.005464554,0.0,0.72735023,0.92709756,pistol
570,0.68094534,0.3365326,0.76646906,0.49926424,pistol
570,0.00508821,0.0,0.7217947,0.9303854,pistol
571,0.68021923,0.33646405,0.7642552,0.49831772,pistol
572,0.6670811,0.32689625,0.75343525,0.49252975,pistol
572,0.0033072233,0.0,0.70142895,0.93740356,pistol
573,0.6512162,0.3178383,0.73706776,0.4821989,pistol
573,0.003965676,0.0,0.672703,0.9556075,pistol
574,0.6335385,0.30790016,0.7181256,0.47128627,pistol
574,0.0059413016,0.0,0.6278945,0.9784006,pistol
575,0.61770636,0.30047706,0.702215,0.46322098,pistol
575,0.012690872,0.03506279,0.7129942,0.9997208,pistol
576,0.5983879,0.29080743,0.6826058,0.4543556,pistol
576,0.011992365,0.0,0.92730594,0.9658984,pistol
577,0.5906007,0.28747243,0.6763154,0.45229477,pistol
578,0.5848786,0.28307286,0.6676994,0.44938037,pistol
579,0.575979,0.27719498,0.6615741,0.4444269,pistol
580,0.57148486,0.27749932,0.65681046,0.440095,pistol
581,0.56832516,0.27521828,0.65215075,0.43856367,pistol
582,0.55994266,0.2727818,0.64546674,0.43622154,pistol
583,0.55504775,0.27447623,0.6389097,0.43534297,pistol
584,0.53599375,0.27959052,0.62105376,0.44427058,pistol
585,0.5242354,0.28795105,0.60850173,0.45161682,pistol
586,0.5161819,0.2922927,0.6002411,0.45834273,pistol
587,0.5045047,0.30197436,0.5877155,0.46453536,pistol
588,0.48809037,0.3082646,0.5687514,0.47281414,pistol
589,0.47978592,0.31678843,0.5662048,0.4801008,pistol
590,0.4782443,0.31910443,0.562647,0.4825229,pistol
591,0.47157353,0.3235197,0.55440015,0.48777562,pistol
592,0.45683536,0.33228195,0.541254,0.49630505,pistol
593,0.44767845,0.3364702,0.53362644,0.50111353,pistol
594,0.4457488,0.3379447,0.5307079,0.5011939,pistol
595,0.4408395,0.33392766,0.5235937,0.49758503,pistol
596,0.4353481,0.32644045,0.52088916,0.49321324,pistol
597,0.4270889,0.32012135,0.5102378,0.48203474,pistol
598,0.41213363,0.30834335,0.49622792,0.47097516,pistol
599,0.4049289,0.30336094,0.48985538,0.46792048,pistol
600,0.39752817,0.29709545,0.48278213,0.46097985,pistol
601,0.39065188,0.28903428,0.47408175,0.45306143,pistol
602,0.3831397,0.28654072,0.46909514,0.45046762,pistol
603,0.37903702,0.28454357,0.46376318,0.44925284,pistol
604,0.3756926,0.281627,0.4592436,0.44617862,pistol
605,0.36695775,0.2780761,0.45204613,0.44086355,pistol
606,0.35394683,0.27102947,0.43901375,0.43575078,pistol
607,0.33503485,0.26176465,0.42188555,0.42586976,pistol
608,0.32122234,0.2566686,0.4057224,0.41984043,pistol
609,0.30536187,0.2550388,0.39098406,0.41767758,pistol
610,0.29227647,0.2537465,0.37838176,0.41718882,pistol
611,0.2771179,0.25421417,0.36324453,0.41797423,pistol
612,0.2709149,0.2544825,0.3558209,0.41834384,pistol
613,0.26933315,0.25717092,0.3523518,0.41826236,pistol
614,0.2649735,0.25820518,0.34891185,0.4202214,pistol
615,0.25095788,0.2637683,0.3340315,0.4296976,pistol
616,0.22440393,0.27723914,0.30668968,0.440225,pistol
616,0.09874156,0.048149318,0.9862819,0.9854338,pistol
617,0.19899687,0.28727067,0.2842257,0.45092398,pistol
617,0.08698547,0.050011188,0.9907539,0.9878453,pistol
618,0.18469208,0.29273307,0.2694413,0.45933688,pistol
618,0.07386577,0.052656412,0.993122,0.9893508,pistol
619,0.18470101,0.29276216,0.26943722,0.45934123,pistol
619,0.073859125,0.052654594,0.9931227,0.98935485,pistol
620,0.1836924,0.29722506,0.26850125,0.45964897,pistol
620,0.07148123,0.05156228,0.9935007,0.989493,pistol
621,0.18090656,0.30300134,0.265618,0.46617246,pistol
621,0.070341945,0.050344944,0.99294865,0.99012244,pistol
622,0.17583823,0.30784002,0.25759187,0.47301993,pistol
622,0.06816834,0.04875493,0.9939075,0.9901676,pistol
623,0.16998509,0.31542683,0.25454786,0.4789117,pistol
623,0.06702182,0.047368526,0.99418247,0.99042916,pistol
624,0.16844003,0.31972623,0.2530071,0.48264033,pistol
624,0.067295045,0.047008157,0.9937818,0.9899163,pistol
625,0.16676526,0.31975645,0.25202477,0.4823352,pistol
625,0.06822991,0.04678887,0.993788,0.9898061,pistol
626,0.16467002,0.31660753,0.25084597,0.48032594,pistol
626,0.067047,0.04719633,0.99449754,0.9909449,pistol
627,0.1619359,0.31427824,0.2465646,0.47921455,pistol
627,0.06865081,0.0471991,0.99439883,0.9916767,pistol
628,0.1601279,0.3128016,0.24257205,0.47568446,pistol
628,0.06889111,0.04952109,0.99386245,0.99202013,pistol
629,0.15775532,0.30832386,0.24034059,0.47322464,pistol
629,0.06806666,0.050177425,0.99373513,0.9920361,pistol
630,0.14803737,0.3024021,0.23224142,0.46821102,pistol
630,0.06062585,0.05124575,0.99496263,0.99418026,pistol
631,0.14331059,0.29549974,0.22412045,0.4593305,pistol
631,0.05661723,0.053794652,0.9957787,0.99417746,pistol
632,0.1385212,0.29035264,0.22165781,0.45425266,pistol
632,0.054702878,0.05502543,0.9954208,0.9939041,pistol
633,0.13335417,0.28571755,0.21663041,0.44941765,pistol
633,0.057290524,0.05625412,0.9949422,0.992555,pistol
634,0.117962465,0.275145,0.20134936,0.43881255,pistol
634,0.05827689,0.05129662,0.99567926,0.9944825,pistol
635,0.10178347,0.2693949,0.1863745,0.43145028,pistol
635,0.058757722,0.049289376,0.99624366,0.9952072,pistol
636,0.09463283,0.2600047,0.1770123,0.42381847,pistol
636,0.059283882,0.05015427,0.9958687,0.9949551,pistol
637,0.08091243,0.25653142,0.16163382,0.4156655,pistol
637,0.05787739,0.050038368,0.99623716,0.99532723,pistol
638,0.061023984,0.24418852,0.14391156,0.40881506,pistol
638,0.057832003,0.047930717,0.997092,0.9944246,pistol
639,0.051088464,0.2426858,0.13175833,0.40388632,pistol
639,0.061112583,0.048476607,0.9969837,0.9943572,pistol
640,0.038987227,0.24011162,0.12360791,0.40465686,pistol
640,0.0049972534,0.007142514,0.99211746,0.9712595,pistol
641,0.02422057,0.23943529,0.10744946,0.4048141,pistol
641,0.0011827052,0.007202804,0.9930825,0.97208107,pistol
642,0.007893421,0.24045233,0.09274282,0.40105683,pistol
642,0.0,0.005497664,0.99350584,0.97280407,pistol
643,0.005448438,0.23970635,0.088639475,0.4012444,pistol
643,0.0,0.0052482784,0.9936886,0.97286963,pistol
644,0.0054574013,0.23972712,0.088630304,0.40125716,pistol
644,0.0,0.0052919686,0.9938226,0.9728973,pistol
645,0.0039356425,0.24198273,0.08569392,0.4029164,pistol
645,0.0,0.0050219,0.99409765,0.973541,pistol
646,0.0013929605,0.24389312,0.08296635,0.40534636,pistol
646,0.0,0.005330384,0.99417114,0.97363234,pistol
647,0.0,0.24394435,0.07172604,0.40907294,pistol
647,0.032309026,0.003507316,0.99513197,0.9781413,pistol
648,0.0,0.2410031,0.06767695,0.41213518,pistol
648,0.012077361,0.003061235,0.9957762,0.97018373,pistol
649,0.0,0.24485338,0.068120226,0.41377378,pistol
649,0.011957288,0.0031268597,0.9957478,0.97022355,pistol
650,0.0,0.24442232,0.06761865,0.41606343,pistol
650,0.011198908,0.003262639,0.9957551,0.9701687,pistol
651,0.0,0.24422576,0.06665636,0.41651893,pistol
651,0.0233064,0.0016563237,0.99599874,0.9772955,pistol
652,0.0,0.24665788,0.06605005,0.41771796,pistol
652,0.011857301,0.0033651292,0.99576724,0.9698845,pistol
653,0.0,0.24665788,0.06605005,0.41771796,pistol
653,0.011857301,0.0033651292,0.99576724,0.9698845,pistol
654,0.0,0.24516484,0.06526606,0.4164857,pistol
654,0.023070604,0.0018735528,0.99582386,0.9773317,pistol
655,0.0,0.24139616,0.06440549,0.41270497,pistol
655,0.011627674,0.0033097267,0.99573934,0.9701379,pistol
656,0.0,0.24029973,0.06386438,0.4100298,pistol
656,0.022913516,0.0020424128,0.99573666,0.97745335,pistol
657,0.0,0.23454306,0.065325625,0.4027128,pistol
657,0.023806155,0.0020211935,0.99585885,0.9777247,pistol
658,0.0,0.22586626,0.06595169,0.39684343,pistol
658,0.024068683,0.002176851,0.9955946,0.9777186,pistol
659,0.0,0.22162586,0.06721534,0.3875956,pistol
659,0.013743401,0.012149185,0.99489343,0.9751226,pistol
660,0.0003066361,0.2154362,0.06875432,0.38270175,pistol
660,0.012437791,0.012434453,0.9951098,0.97395897,pistol
661,2.37301e-05,0.21001574,0.069056936,0.376156,pistol
661,0.0011159778,0.005679935,0.9944272,0.9738699,pistol
662,0.0,0.20957631,0.07154216,0.3722427,pistol
662,0.0020058453,0.005918503,0.9943758,0.9734547,pistol
663,0.0,0.20111158,0.07665427,0.3664312,pistol
663,0.0,0.006053865,0.99522483,0.97294754,pistol
664,0.0017838553,0.19409347,0.08217753,0.35337353,pistol
664,0.0,0.0061973035,0.9949201,0.9733925,pistol
665,0.005044747,0.170418,0.08662048,0.3305762,pistol
665,0.0015813708,0.0074253976,0.9946174,0.9724417,pistol
666,0.009839527,0.15122098,0.09232253,0.31001395,pistol
666,0.005476773,0.0081555545,0.9942557,0.9726293,pistol
667,0.017659087,0.12539934,0.09795478,0.2881598,pistol
667,0.0022089183,0.0075083375,0.9945502,0.9720055,pistol
668,0.021328554,0.11115959,0.102323905,0.2724944,pistol
668,0.0008992851,0.007861108,0.9946569,0.972484,pistol
669,0.02659534,0.09998115,0.110325515,0.26208955,pistol
669,0.0013694465,0.008936971,0.9944265,0.9722394,pistol
670,0.030124623,0.08748919,0.11360444,0.24967301,pistol
670,0.003179878,0.008732617,0.9935298,0.9718112,pistol
671,0.034479003,0.07926073,0.11647686,0.24129531,pistol
671,0.0044769347,0.0090126395,0.9936789,0.97149795,pistol
672,0.039200857,0.07432588,0.12126239,0.23342419,pistol
672,0.0053040385,0.007640302,0.9938775,0.97132725,pistol
673,0.044515587,0.067484766,0.12731984,0.22757947,pistol
673,0.0077114403,0.0065050125,0.99350536,0.97184575,pistol
674,0.04986803,0.05966924,0.13121644,0.2212318,pistol
674,0.0061938465,0.006374359,0.9933324,0.97097725,pistol
675,0.051453978,0.058267735,0.13244483,0.21885937,pistol
675,0.0049874187,0.0056802332,0.99334735,0.97073257,pistol
676,0.054870296,0.05743263,0.13769343,0.21782291,pistol
676,0.0052320957,0.0033107102,0.99348164,0.97085106,pistol
677,0.072419815,0.05702527,0.15764832,0.21159641,pistol
677,0.004718572,0.0,0.99371827,0.970581,pistol
678,0.0949631,0.049573034,0.17762473,0.21000889,pistol
678,0.012315005,0.0027733147,0.99208605,0.9694259,pistol
679,0.107894264,0.04706478,0.18973333,0.20829713,pistol
679,0.05989915,0.04880163,0.9972244,0.9935571,pistol
680,0.112593055,0.049674913,0.19365671,0.20927201,pistol
680,0.060149133,0.04804334,0.9975104,0.993644,pistol
681,0.12289211,0.05640646,0.20775959,0.21758148,pistol
681,0.06369498,0.046108037,0.9971032,0.99353397,pistol
682,0.14392766,0.06924356,0.22761118,0.22986102,pistol
682,0.06525868,0.047833264,0.99719006,0.9934712,pistol
683,0.15978487,0.0795392,0.2418869,0.23837537,pistol
683,0.0687733,0.047769666,0.9963757,0.9933413,pistol
684,0.17401433,0.09054475,0.25630352,0.25611123,pistol
684,0.073839426,0.048885792,0.9948683,0.9909495,pistol
685,0.1842067,0.103776574,0.26879045,0.2662322,pistol
685,0.07460308,0.050392836,0.9949064,0.9902475,pistol
686,0.18924801,0.10938896,0.2717187,0.27351832,pistol
686,0.07606515,0.052318275,0.9942864,0.98919314,pistol
687,0.19160236,0.11708495,0.27520674,0.2791544,pistol
687,0.08122015,0.05259213,0.9930849,0.9879036,pistol
688,0.19384901,0.11922754,0.27780518,0.2799245,pistol
688,0.08177486,0.052184254,0.9929197,0.9876895,pistol
689,0.19589241,0.11715095,0.28103152,0.28057724,pistol
689,0.0813511,0.05239418,0.9927297,0.9875779,pistol
690,0.19719423,0.115304925,0.28401577,0.2747861,pistol
690,0.07924619,0.05346337,0.9930235,0.98784184,pistol
691,0.20227447,0.10960519,0.28621784,0.2715974,pistol
691,0.08217269,0.05182138,0.99236006,0.9877577,pistol
692,0.20565403,0.1065821,0.2878658,0.2706602,pistol
692,0.08283767,0.051034927,0.9918908,0.9878272,pistol
693,0.20723657,0.10438346,0.28982347,0.26708642,pistol
693,0.08412078,0.05027607,0.99150264,0.98779845,pistol
694,0.21172321,0.09838843,0.29686612,0.2580701,pistol
694,0.08150792,0.04862085,0.9923266,0.9884932,pistol
695,0.216616,0.09033812,0.3012353,0.25505558,pistol
695,0.08150929,0.047173202,0.9926923,0.98918515,pistol
696,0.22118494,0.08870347,0.3035203,0.2508691,pistol
696,0.08179611,0.045424014,0.993493,0.9905343,pistol
697,0.22090212,0.088156834,0.30346516,0.24979563,pistol
697,0.08188507,0.045688838,0.99352205,0.9905877,pistol
698,0.22550194,0.08228255,0.31091708,0.24936217,pistol
698,0.08142245,0.045256406,0.99383557,0.9904952,pistol
699,0.2341747,0.07640797,0.31731507,0.23889673,pistol
699,0.08480948,0.047227442,0.9932206,0.98963577,pistol
700,0.23968126,0.07228487,0.32352844,0.2328566,pistol
700,0.08575374,0.045627207,0.9939465,0.98945713,pistol
701,0.24917115,0.06326838,0.3341514,0.22703938,pistol
701,0.08403462,0.046947062,0.99414665,0.9895995,pistol
702,0.2639445,0.05714062,0.34810454,0.21779484,pistol
702,0.079735935,0.04539585,0.99504966,0.989437,pistol
703,0.27637148,0.052824274,0.36187476,0.20914833,pistol
703,0.07666293,0.045945466,0.9947753,0.98994154,pistol
704,0.28947335,0.04426077,0.37467563,0.20242864,pistol
704,0.07980651,0.045504272,0.9942363,0.99008197,pistol
705,0.3090312,0.03603314,0.39433277,0.19678405,pistol
705,0.07449639,0.046844035,0.99480236,0.9914782,pistol
706,0.32901207,0.03024678,0.4122096,0.19303496,pistol
706,0.073053,0.04566568,0.9950614,0.99210936,pistol
707,0.34664038,0.02625645,0.43042102,0.18728521,pistol
707,0.0699192,0.043874323,0.99600923,0.992853,pistol
708,0.35828364,0.024406731,0.4427877,0.18767256,pistol
708,0.06904933,0.043004185,0.9963763,0.99387324,pistol
709,0.3743508,0.02866631,0.45890933,0.19167715,pistol
709,0.016692609,0.0,0.973318,0.9911128,pistol
710,0.39915732,0.03850294,0.48398826,0.19909233,pistol
710,0.019204617,0.0,0.97207934,0.98988795,pistol
711,0.41997102,0.047625624,0.5047332,0.21120071,pistol
711,0.01372385,0.04390207,0.9770277,0.97571313,pistol
712,0.42408296,0.05426351,0.50755817,0.21684459,pistol
712,0.01335755,0.04315135,0.97728133,0.97549486,pistol
713,0.4335458,0.0661801,0.5199324,0.22670737,pistol
713,0.075847745,0.030398488,0.9949862,0.9958247,pistol
714,0.44028294,0.07244409,0.52604717,0.23164043,pistol
714,0.07712495,0.029906034,0.9940425,0.9959866,pistol
715,0.45394665,0.08309835,0.53873384,0.24512076,pistol
715,0.07358238,0.033350557,0.99181294,0.99510694,pistol
716,0.4651722,0.08935487,0.5503746,0.25380096,pistol
716,0.07569748,0.024094135,0.99032205,0.99508345,pistol
717,0.47115493,0.095746115,0.55600667,0.25933874,pistol
717,0.07446611,0.019570082,0.9907359,0.9951992,pistol
718,0.47827157,0.10492553,0.56327,0.26596975,pistol
718,0.081246436,0.01123026,0.9871215,0.99410045,pistol
719,0.48099312,0.10759977,0.5675636,0.2746457,pistol
719,0.081834465,0.013593227,0.9860399,0.9925835,pistol
720,0.48548263,0.11407833,0.57048136,0.2762015,pistol
720,0.081373334,0.016214162,0.98599327,0.9929004,pistol
721,0.4876185,0.11717944,0.571606,0.27960074,pistol
721,0.08187848,0.015308261,0.985293,0.9926294,pistol
722,0.487994,0.11888565,0.57404524,0.2780149,pistol
722,0.08194372,0.01541841,0.9853269,0.9919969,pistol
723,0.48814464,0.11640945,0.5738716,0.27780816,pistol
723,0.08303216,0.015013874,0.9855248,0.9919129,pistol
724,0.48951846,0.11542543,0.5749108,0.2781329,pistol
724,0.0830788,0.013555795,0.98533505,0.9921367,pistol
725,0.49145237,0.11289994,0.57682204,0.27592948,pistol
725,0.08166143,0.013807833,0.98590124,0.99330574,pistol
726,0.4966069,0.10400476,0.5815322,0.26889023,pistol
726,0.07916248,0.012424231,0.987435,0.99445796,pistol
727,0.5018549,0.10101218,0.5862304,0.26295966,pistol
727,0.0748198,0.015264899,0.98963356,0.99560535,pistol
728,0.50639975,0.09086917,0.5920973,0.25414526,pistol
728,0.07247421,0.023391724,0.9906883,0.9949683,pistol
729,0.5107918,0.08494789,0.5948523,0.24597129,pistol
729,0.06980923,0.029881746,0.99237275,0.9943696,pistol
730,0.51353735,0.08072964,0.5989861,0.24273008,pistol
730,0.071376145,0.0284608,0.9925286,0.99408287,pistol
731,0.51845986,0.07348499,0.6019152,0.23822185,pistol
731,0.072208524,0.023405999,0.99320745,0.9940176,pistol
732,0.524241,0.0690641,0.6083152,0.23131135,pistol
732,0.07184121,0.024345338,0.9949548,0.99423724,pistol
733,0.5265153,0.06370655,0.6116889,0.22496489,pistol
733,0.07054877,0.02593562,0.9951359,0.9939239,pistol
734,0.5280945,0.06146317,0.613702,0.22131371,pistol
734,0.07069662,0.02570343,0.9951874,0.99354243,pistol
735,0.53578794,0.053137057,0.6190771,0.21462077,pistol
735,0.06738284,0.02800548,0.99615693,0.9941585,pistol
736,0.54353386,0.046365775,0.6275634,0.20586589,pistol
736,0.063266724,0.034948856,0.99641967,0.994522,pistol
737,0.5494904,0.040049165,0.63387996,0.20160198,pistol
737,0.06081608,0.037859082,0.9966675,0.99495447,pistol
738,0.56264764,0.03147842,0.64643365,0.19435483,pistol
738,0.059009433,0.039607376,0.9971112,0.99504304,pistol
739,0.578249,0.023659661,0.6634233,0.18644758,pistol
739,0.058632284,0.04254064,0.99786544,0.99530685,pistol
740,0.5980184,0.021382779,0.6812681,0.17957768,pistol
740,0.05750671,0.04444641,0.99815905,0.99531394,pistol
741,0.6148362,0.017377652,0.69709444,0.17810857,pistol
741,0.055468857,0.048197478,0.9979927,0.9951831,pistol
742,0.62269753,0.02207698,0.70774573,0.18084218,pistol
742,0.05395657,0.051010936,0.99755067,0.9953747,pistol
743,0.63044435,0.025645226,0.7137726,0.18546867,pistol
743,0.053403407,0.050880373,0.99706614,0.99554414,pistol
744,0.634352,0.030889131,0.7203414,0.19245702,pistol
744,0.05269146,0.05249086,0.9960561,0.99562216,pistol
745,0.6414012,0.038920745,0.7255156,0.1998687,pistol
745,0.051172197,0.05550018,0.99451727,0.99479437,pistol
746,0.646641,0.044484936,0.7306148,0.20490935,pistol
746,0.019122958,0.00017562509,0.9557794,0.9876827,pistol
747,0.65114784,0.049746267,0.7365979,0.21130145,pistol
747,0.051806062,0.056483388,0.99164605,0.99432087,pistol
748,0.659599,0.058181643,0.7425602,0.219269,pistol
748,0.01433593,0.04148498,0.97042024,0.9739053,pistol
749,0.666577,0.0685446,0.75184035,0.22938219,pistol
749,0.056152284,0.053183943,0.9896566,0.99378276,pistol
750,0.67282337,0.07532215,0.756015,0.23974723,pistol
750,0.016009659,0.045033038,0.96889305,0.9731321,pistol
751,0.67592937,0.087644644,0.760014,0.24993616,pistol
751,0.017011672,0.047923535,0.9672011,0.97289574,pistol
752,0.6810293,0.093516245,0.7644044,0.2558264,pistol
752,0.059299648,0.059209406,0.9853259,0.99410695,pistol
753,0.681149,0.093320526,0.764995,0.2551159,pistol
753,0.05850616,0.059612423,0.98558295,0.9938487,pistol
754,0.68221253,0.08979217,0.7672462,0.2523854,pistol
754,0.01776436,0.044837087,0.96734047,0.97363985,pistol
755,0.68458223,0.08568549,0.7696221,0.24791649,pistol
755,0.016459674,0.045630395,0.96901464,0.9733365,pistol
756,0.6852333,0.08593846,0.7707277,0.24714988,pistol
756,0.016211152,0.045253932,0.9694438,0.97348815,pistol
757,0.68898886,0.08206203,0.7719471,0.24236873,pistol
757,0.016004205,0.043616742,0.96966517,0.973989,pistol
758,0.69412833,0.07438599,0.77829903,0.2371738,pistol
758,0.015752852,0.042223364,0.9703083,0.9743508,pistol
759,0.7032754,0.06852482,0.7875933,0.23038797,pistol
759,0.015307814,0.040131062,0.97194743,0.9750589,pistol
760,0.71563363,0.05879592,0.80015373,0.21833843,pistol
760,0.005647123,0.014904231,0.8815662,0.93903565,pistol
761,0.7211336,0.0552883,0.80421984,0.21502121,pistol
761,0.00549525,0.012590885,0.8818608,0.9334437,pistol
762,0.7273277,0.051247835,0.81120074,0.21073109,pistol
762,0.05280614,0.05554986,0.9897504,0.9936309,pistol
763,0.73615146,0.045365587,0.8199233,0.20434608,pistol
763,0.00783366,0.0,0.89764357,0.9775597,pistol
764,0.75220454,0.037461855,0.8358089,0.19634143,pistol
764,0.016440004,0.010743588,0.96775985,0.9791521,pistol
765,0.7630583,0.031553455,0.84754705,0.19230044,pistol
765,0.05277279,0.05246988,0.99157906,0.9946157,pistol
766,0.77982026,0.024421737,0.86349994,0.18522674,pistol
766,0.039980173,0.0014160573,0.98767257,0.9657731,pistol
767,0.79259783,0.022146873,0.87785095,0.1821807,pistol
767,0.03602603,0.0,0.9897332,0.96799195,pistol
768,0.80791277,0.016587228,0.8933353,0.1751932,pistol
768,0.053610206,0.05312231,0.99389756,0.9949465,pistol
769,0.8142361,0.01502575,0.89695185,0.17416066,pistol
769,0.035389632,0.0068621635,0.9875566,0.9828961,pistol
770,0.8317752,0.014920801,0.9142189,0.17384759,pistol
770,0.034022838,0.0111555755,0.9825238,0.98561716,pistol
771,0.85068107,0.016835086,0.9326818,0.1750797,pistol
771,0.0062159,0.002921313,0.98233616,0.9785025,pistol
772,0.8723247,0.024878465,0.9561852,0.18595877,pistol
772,0.0,0.0,0.97102696,0.9861665,pistol
773,0.8793924,0.029245682,0.9627358,0.19114646,pistol
773,0.0,0.0,0.97200024,0.98673487,pistol
774,0.88411516,0.04044392,0.9700698,0.19733551,pistol
774,0.0,0.0,0.971471,0.9870457,pistol
775,0.89042145,0.044585273,0.9747681,0.20330156,pistol
775,0.0,0.0,0.9726014,0.98731726,pistol
776,0.8957187,0.05299162,0.98182285,0.2131199,pistol
776,0.0,0.0,0.97421443,0.9871919,pistol
777,0.89994895,0.057930827,0.9858117,0.21643099,pistol
777,0.0,0.0,0.9741571,0.9871831,pistol
778,0.90367883,0.05857335,0.99037975,0.22450404,pistol
778,0.0,0.0,0.97430277,0.9870645,pistol
779,0.90798515,0.07062187,0.99457926,0.22966272,pistol
779,0.014775991,0.03593746,0.97914064,0.97846997,pistol
780,0.9126361,0.07513209,0.99819046,0.23950092,pistol
780,0.01497373,0.035027623,0.980158,0.9784875,pistol
781,0.9144282,0.08356631,1.0,0.24572557,pistol
781,0.014985293,0.035106868,0.9791311,0.9782429,pistol
782,0.91811186,0.08421704,1.0,0.24963394,pistol
782,0.014710307,0.03598368,0.98052824,0.9780762,pistol
783,0.91835135,0.08533795,0.99952215,0.24613313,pistol
783,0.01473102,0.03578973,0.9809197,0.9780966,pistol
784,0.9175081,0.0840119,0.9997134,0.2448727,pistol
784,0.0145406425,0.035262585,0.9819356,0.97819185,pistol
785,0.91691303,0.0802854,1.0,0.24289837,pistol
785,0.0145534575,0.035168618,0.98273706,0.97845805,pistol
786,0.9194714,0.073524594,0.99946713,0.23413262,pistol
786,0.014326543,0.03329584,0.9836639,0.9789523,pistol
787,0.9186063,0.06980843,0.99986494,0.22906628,pistol
787,0.014054358,0.034550607,0.98324376,0.9790762,pistol
788,0.918593,0.067153715,1.0,0.22541782,pistol
788,0.013881713,0.036119133,0.98287725,0.978593,pistol
789,0.9198084,0.062633455,1.0,0.22352403,pistol
789,0.013763189,0.03690532,0.9832322,0.978472,pistol
790,0.91916496,0.061608516,1.0,0.22386771,pistol
790,0.013758391,0.037129432,0.98326457,0.97842073,pistol
791,0.91916496,0.061608516,1.0,0.22386771,pistol
791,0.013758391,0.037129432,0.98326457,0.97842073,pistol
792,0.92072564,0.05705134,0.99964637,0.21773633,pistol
792,0.013341188,0.037213326,0.983952,0.97833717,pistol
793,0.92016464,0.054846987,0.9997677,0.21419881,pistol
793,0.0,0.0,0.97484994,0.9876567,pistol
794,0.9227365,0.051680736,1.0,0.21143273,pistol
794,0.01300329,0.0375441,0.98478603,0.97845423,pistol
795,0.91829693,0.04353255,0.9994894,0.20246112,pistol
795,0.013123065,0.037081927,0.98325276,0.978323,pistol
796,0.9110996,0.036906935,0.99765784,0.20084935,pistol
796,0.0,0.0,0.9729287,0.98698103,pistol
797,0.8947847,0.027418569,0.9781296,0.18798968,pistol
797,0.0,0.0,0.97210085,0.98687506,pistol
798,0.88000554,0.022733219,0.9614523,0.181434,pistol
798,0.016818821,0.0024306178,0.9652341,0.9826195,pistol
799,0.86257076,0.012463823,0.9448365,0.1710938,pistol
799,0.011078894,0.0,0.98500276,0.98108435,pistol
800,0.84581023,0.0045390576,0.929993,0.16603382,pistol
800,0.014819205,0.0060120225,0.97893065,0.9815814,pistol
801,0.827716,0.0,0.9106597,0.15527064,pistol
801,0.0,0.0,0.9698972,0.9862841,pistol
802,0.8143766,0.0011790171,0.8973422,0.1478988,pistol
802,0.02692476,0.0,0.98537374,0.98054355,pistol
803,0.8001917,0.0,0.8841161,0.14222884,pistol
803,0.0,0.0027951598,0.94641757,0.9363286,pistol
804,0.79392976,0.0,0.8810541,0.13952027,pistol
804,0.0,0.0031937659,0.94612205,0.9362383,pistol
805,0.7862868,0.0,0.87148005,0.13960657,pistol
805,0.0,0.0030044317,0.9433718,0.9353266,pistol
806,0.7836055,0.0,0.8681416,0.14115465,pistol
806,0.0,0.0032862723,0.9415847,0.9347451,pistol
807,0.7775542,0.0,0.86237806,0.14020208,pistol
807,0.005637884,0.0,0.99235296,0.9791811,pistol
808,0.77000564,0.0,0.8523273,0.14557289,pistol
808,0.053759694,0.04742706,0.9970442,0.9952265,pistol
809,0.7594686,0.0,0.8475099,0.15277338,pistol
809,0.052793622,0.050337195,0.9963678,0.994872,pistol
810,0.75379574,0.0,0.83697927,0.15324757,pistol
810,0.052707583,0.049410015,0.99626696,0.99527633,pistol
811,0.7478537,0.0008148253,0.8322764,0.15680054,pistol
811,0.0068356395,0.0,0.8830492,0.9585383,pistol
812,0.743975,0.0031238198,0.82673293,0.16157684,pistol
812,0.0065927207,0.0,0.8790355,0.96052766,pistol
813,0.7401553,0.0056909546,0.8229769,0.16507033,pistol
813,0.0064310133,0.0,0.87164724,0.96090364,pistol
814,0.7399128,0.005975105,0.82219976,0.16595581,pistol
814,0.051341474,0.052536964,0.9948632,0.9944842,pistol
815,0.7360112,0.0085606575,0.8200243,0.16811758,pistol
815,0.006842345,0.0,0.87907946,0.96246594,pistol
816,0.7328688,0.011890039,0.8164569,0.17043369,pistol
816,0.050706804,0.054564446,0.9939626,0.99403465,pistol
817,0.72841805,0.020638078,0.8125153,0.17680588,pistol
817,0.0069164336,0.0,0.87608683,0.96155715,pistol
818,0.72600657,0.021678224,0.8102965,0.18293141,pistol
818,0.016621768,0.0038965046,0.96661586,0.98389757,pistol
819,0.7238585,0.02349671,0.80820334,0.18424082,pistol
819,0.016136944,0.0025520325,0.9664845,0.98465204,pistol
820,0.71944475,0.030762613,0.8033196,0.19124563,pistol
820,0.016170412,0.0021828413,0.9663011,0.98569095,pistol
821,0.7137082,0.044585854,0.7982792,0.20431022,pistol
821,0.05232683,0.055491775,0.99084747,0.9933624,pistol
822,0.70752996,0.05995275,0.7922974,0.2218567,pistol
822,0.053091943,0.055447042,0.9889911,0.9935512,pistol
823,0.7017125,0.082808375,0.78696775,0.24453709,pistol
823,0.016525358,0.045072407,0.9686763,0.97309625,pistol
824,0.6924464,0.11770489,0.7768025,0.27883193,pistol
824,0.058386117,0.05687976,0.9796467,0.9935714,pistol
825,0.6838721,0.15182799,0.7689922,0.3142004,pistol
826,0.6764161,0.18317993,0.7606227,0.34617662,pistol
827,0.6731444,0.21091792,0.7573082,0.37322345,pistol
827,0.010648757,0.03824085,0.7652081,0.99770385,pistol
828,0.6691729,0.23683387,0.7540512,0.4015923,pistol
828,0.009784758,0.04748729,0.77062535,0.9958422,pistol
829,0.669453,0.24306352,0.75356936,0.4077586,pistol
829,0.01020655,0.049355835,0.7717134,0.995198,pistol
830,0.6679624,0.25492615,0.75445026,0.4186955,pistol
830,0.01116395,0.04550916,0.7656055,0.99559146,pistol
831,0.668383,0.27306426,0.7537887,0.43554872,pistol
831,0.012475193,0.03629586,0.7456971,0.99714994,pistol
832,0.6687571,0.30348,0.7544451,0.46788636,pistol
833,0.6710922,0.3229922,0.7559131,0.49204904,pistol
833,0.0032505393,0.0,0.7053803,0.9365034,pistol
834,0.67115533,0.35291117,0.75596774,0.5202805,pistol
834,0.0066357553,0.0,0.7234298,0.92935383,pistol
835,0.6740448,0.38534954,0.756926,0.55357444,pistol
835,0.0076206625,0.0,0.9684963,0.9790032,pistol
836,0.6775489,0.41680577,0.7642733,0.58542097,pistol
837,0.68200445,0.44230828,0.76920044,0.6068114,pistol
838,0.6845384,0.4573635,0.77065486,0.6234473,pistol
839,0.67916405,0.48036337,0.7651135,0.6469933,pistol
839,0.008466005,0.0,0.96597636,0.9950457,pistol
840,0.677067,0.50929904,0.7622829,0.67362416,pistol
840,0.007203132,0.0060939193,0.8319557,0.8842483,pistol
841,0.6798789,0.5439397,0.76682526,0.71076655,pistol
841,0.01843512,0.0090277195,0.9574551,0.98847723,pistol
842,0.68038,0.5700818,0.7656615,0.7344033,pistol
842,0.0,0.0,0.974687,0.98204964,pistol
843,0.67608225,0.6066866,0.7585653,0.77674973,pistol
843,0.0007174313,0.0025089383,0.98873544,0.8738933,pistol
844,0.6620113,0.69189817,0.7465274,0.8571139,pistol
844,0.006524235,0.0014029741,0.93353796,0.962318,pistol
845,0.65805775,0.73764217,0.74256796,0.9016557,pistol
845,0.0050807595,0.0015188158,0.95714563,0.9805391,pistol
846,0.65761226,0.76040506,0.74217755,0.92591834,pistol
846,0.0041419566,0.0,0.9960674,0.9742472,pistol
847,0.65837115,0.77959,0.74317366,0.94418716,pistol
847,0.010472596,0.027221203,0.9831566,0.9667461,pistol
848,0.6578306,0.79551256,0.74325323,0.9610646,pistol
848,0.015357614,0.0,0.987079,0.9906587,pistol
849,0.656265,0.8029992,0.7436805,0.9674383,pistol
849,0.0,0.0002465546,0.9897997,0.9838518,pistol
850,0.6587067,0.8078129,0.74313575,0.9730545,pistol
850,0.0030606687,0.0012981296,0.98741186,0.98957455,pistol
851,0.6566648,0.8183574,0.7436512,0.9839609,pistol
851,0.0,0.0,0.99292636,0.9933412,pistol
852,0.6576738,0.82020634,0.74464554,0.98847383,pistol
852,0.0,0.0,0.991577,0.99898005,pistol
853,0.6594337,0.82600826,0.74539375,0.99557775,pistol
853,0.013319075,0.00451079,0.983419,0.9869213,pistol
854,0.6583837,0.8322533,0.7465687,1.0,pistol
854,0.017310977,0.000107795,0.9981196,0.99112856,pistol
855,0.66030884,0.8342705,0.74711466,0.99988437,pistol
855,0.011308014,0.004835576,0.99251014,0.98466015,pistol
856,0.6603374,0.82455295,0.7447054,0.9917906,pistol
856,0.014917642,0.0072945654,0.9825231,0.98678887,pistol
857,0.6486223,0.7843178,0.7370883,0.9493987,pistol
857,0.008396834,0.0,0.9875996,0.9910184,pistol
858,0.64751256,0.7703163,0.7314501,0.93490475,pistol
858,0.0072996914,0.0,0.9874593,0.9941752,pistol
859,0.63367915,0.7194263,0.71950173,0.88383734,pistol
859,0.008751214,0.0028420389,0.9239415,0.9678676,pistol
860,0.6244671,0.6823686,0.7085994,0.84683806,pistol
860,0.00049486756,0.0,0.99024785,0.8980884,pistol
861,0.618623,0.65065545,0.7035843,0.8139855,pistol
861,0.0010996759,0.0,0.99007714,0.8991555,pistol
862,0.6116252,0.59759957,0.69481826,0.76044005,pistol
862,0.0012325644,0.0012390018,0.9882454,0.8888744,pistol
863,0.5980485,0.53166634,0.68326277,0.7008788,pistol
863,0.0,0.0,0.9793345,0.9833105,pistol
864,0.5933184,0.49032295,0.67864734,0.6543453,pistol
865,0.5882832,0.44708493,0.67431366,0.6106044,pistol
866,0.5822846,0.40093058,0.6658372,0.5648808,pistol
867,0.575529,0.36595047,0.66125,0.5301643,pistol
867,0.008354992,0.0,0.967263,0.9785611,pistol
868,0.57095474,0.33121008,0.65591055,0.4963495,pistol
869,0.5652688,0.29247826,0.64678067,0.4570456,pistol
870,0.55882716,0.25788265,0.64298904,0.41868532,pistol
871,0.55017716,0.21649468,0.6327047,0.38083947,pistol
872,0.5428358,0.185628,0.627646,0.34950495,pistol
873,0.53962946,0.16492978,0.6225349,0.32604387,pistol
874,0.53434336,0.14415911,0.61884713,0.30642977,pistol
874,0.06543651,0.02459371,0.9874054,0.9909041,pistol
875,0.531009,0.12865797,0.61529404,0.2897929,pistol
875,0.06768972,0.020515293,0.98728114,0.99053264,pistol
876,0.5267589,0.115590796,0.61362505,0.27821875,pistol
876,0.072907716,0.016702622,0.9863479,0.99163234,pistol
877,0.5231655,0.1003741,0.6078108,0.2620145,pistol
877,0.070150435,0.020306468,0.9904097,0.9948853,pistol
878,0.5183468,0.09037081,0.60185766,0.25488025,pistol
878,0.069854826,0.026337653,0.9911934,0.99409556,pistol
879,0.5148994,0.08636887,0.6005217,0.24912117,pistol
879,0.07039386,0.02810198,0.991656,0.9944015,pistol
880,0.5110749,0.08183399,0.5974896,0.24249646,pistol
880,0.07168743,0.028076231,0.9922724,0.9941575,pistol
881,0.5092879,0.074573494,0.5946955,0.23628396,pistol
881,0.07354468,0.023111016,0.99309164,0.99492276,pistol
882,0.5059481,0.07197848,0.58934146,0.23296449,pistol
882,0.07442397,0.02243954,0.99325615,0.99426514,pistol
883,0.502615,0.06156107,0.58561957,0.22405997,pistol
883,0.073348165,0.026168972,0.99428976,0.9943056,pistol
884,0.49852163,0.055206716,0.5817459,0.21700469,pistol
884,0.07403973,0.028198004,0.9941945,0.9940847,pistol
885,0.4935512,0.053587317,0.57802695,0.21359584,pistol
885,0.073191196,0.03099519,0.9946095,0.994489,pistol
886,0.48814762,0.041937597,0.57301986,0.20029765,pistol
886,0.07317737,0.031768024,0.9948149,0.9950103,pistol
887,0.48262358,0.031091616,0.56736183,0.19054367,pistol
887,0.07075742,0.030722141,0.99551284,0.99542105,pistol
888,0.47797716,0.025075264,0.5627829,0.1828486,pistol
888,0.06530288,0.03871104,0.99639285,0.9954791,pistol
889,0.47443002,0.014900997,0.55702704,0.17419946,pistol
889,0.066025406,0.036653876,0.99711764,0.99569154,pistol
890,0.46903926,0.005938083,0.55377215,0.16671965,pistol
890,0.065164834,0.037564933,0.9978019,0.9957116,pistol
891,0.46679148,0.0032331124,0.55054885,0.15883413,pistol
891,0.06390607,0.039476424,0.9979311,0.99575484,pistol
892,0.46342677,0.0,0.5482151,0.15467417,pistol
892,0.06312266,0.0408549,0.99820733,0.9956541,pistol
893,0.46194726,0.0,0.5474449,0.15412676,pistol
893,0.06304687,0.041148543,0.9981969,0.9956367,pistol
894,0.46186945,0.0,0.5462301,0.15244345,pistol
894,0.06337014,0.040219158,0.9983914,0.995703,pistol
895,0.46015137,0.0,0.5450912,0.15334111,pistol
895,0.06363103,0.039949477,0.9984108,0.9956991,pistol
896,0.46015137,0.0,0.5450912,0.15334111,pistol
896,0.06363103,0.039949477,0.9984108,0.9956991,pistol
897,0.45637915,6.2935054e-05,0.54248065,0.15277761,pistol
897,0.06431258,0.039693236,0.9983431,0.9956831,pistol
898,0.45703977,0.0,0.5419559,0.15310016,pistol
898,0.06434062,0.039422452,0.9982941,0.99570256,pistol
899,0.44601628,0.005310662,0.5310494,0.16767877,pistol
899,0.065669626,0.039735436,0.99773407,0.9955487,pistol
900,0.43974766,0.016416997,0.52228874,0.17522122,pistol
900,0.06849021,0.037511587,0.99703413,0.9959775,pistol
901,0.42879406,0.032270737,0.51397157,0.19312105,pistol
901,0.07157028,0.036025256,0.9958432,0.99602294,pistol
902,0.41852853,0.05351875,0.50348884,0.21572834,pistol
902,0.0137473345,0.044093966,0.9776686,0.97536695,pistol
903,0.41217703,0.08172274,0.49524027,0.24463388,pistol
903,0.07819009,0.03607014,0.9934751,0.994321,pistol
904,0.40355185,0.103830375,0.48773465,0.26906922,pistol
904,0.08532706,0.033979,0.9882854,0.99167496,pistol
905,0.39306775,0.13185067,0.47646633,0.2950555,pistol
905,0.08022219,0.03952232,0.98771137,0.99003506,pistol
906,0.3867597,0.15296,0.47208053,0.319532,pistol
906,0.10090166,0.04056382,0.9837248,0.9874213,pistol
907,0.38107592,0.18321128,0.46428198,0.344827,pistol
908,0.37486294,0.20969212,0.4594135,0.37155968,pistol
909,0.36898074,0.23320487,0.4544007,0.39739653,pistol
910,0.36468133,0.25859085,0.4484912,0.4198372,pistol
911,0.3597891,0.28996795,0.44325724,0.45429385,pistol
912,0.35338086,0.31662592,0.43921906,0.4808893,pistol
913,0.3489329,0.34012935,0.43317184,0.5064138,pistol
914,0.34778938,0.36922508,0.4311699,0.5320042,pistol
915,0.34601498,0.39742565,0.42901307,0.5610565,pistol
916,0.3437447,0.42481473,0.42686433,0.58846474,pistol
917,0.34018457,0.44557977,0.42565298,0.61042273,pistol
918,0.3358377,0.47797298,0.42090926,0.64058137,pistol
919,0.33444268,0.4978245,0.41843873,0.66287524,pistol
920,0.33467433,0.51236886,0.42067012,0.6770932,pistol
921,0.33448046,0.5259111,0.4191684,0.6891178,pistol
922,0.33469647,0.5504122,0.4204294,0.71536577,pistol
922,0.0045761466,0.0,1.0,0.99552435,pistol
923,0.33562696,0.57054865,0.4215399,0.73369133,pistol
923,0.022092938,0.0,0.981984,0.9863235,pistol
924,0.33178204,0.5901611,0.41570592,0.756691,pistol
924,0.0017270744,0.0,0.99121475,0.90483165,pistol
925,0.32901347,0.61882466,0.41275847,0.7843141,pistol
925,0.0063889325,0.0011065006,0.93302405,0.8409824,pistol
926,0.32905468,0.63486695,0.41266915,0.80163753,pistol
926,0.0077120364,0.0,0.9318476,0.83494794,pistol
927,0.32942346,0.6490942,0.41295585,0.81163275,pistol
928,0.32503247,0.66612846,0.41031033,0.8301,pistol
928,0.0054006577,0.0,0.99254364,0.89590096,pistol
929,0.32009417,0.6845104,0.40635836,0.8493956,pistol
929,4.36306e-05,0.015697986,0.95918715,0.9093392,pistol
930,0.31720573,0.71057045,0.40212655,0.873808,pistol
930,0.0,0.0,0.9726816,0.9463478,pistol
931,0.3059663,0.7549291,0.39335033,0.91652244,pistol
931,0.015942037,0.022673666,0.9965914,0.9746576,pistol
932,0.30225983,0.78175974,0.38908514,0.9486741,pistol
932,0.00072422624,0.0034723282,0.98929405,0.9616076,pistol
933,0.30250138,0.78854036,0.3888399,0.9525616,pistol
933,0.0007444322,0.0032574832,0.98997045,0.9628601,pistol
934,0.30118683,0.7888015,0.38711968,0.9530168,pistol
934,0.0007277727,0.0032176971,0.99003786,0.9629445,pistol
935,0.30124065,0.7903871,0.38652644,0.954619,pistol
935,0.0006789565,0.0029705167,0.99024355,0.9628231,pistol
936,0.2988789,0.7979084,0.38520187,0.9641261,pistol
936,0.0023943484,0.0,0.98977363,0.8707328,pistol
937,0.2972003,0.8185073,0.3831813,0.9811841,pistol
937,0.0074552596,0.02973777,0.98767877,0.9824795,pistol
938,0.2945654,0.8216418,0.38204727,0.9895761,pistol
938,0.05007109,0.0014984608,0.99961233,0.9853504,pistol
939,0.29352027,0.8305155,0.3816496,0.9972348,pistol
939,0.019186914,0.0,0.99128264,0.9873171,pistol
940,0.29144412,0.83310974,0.37886113,0.9989768,pistol
940,0.017151386,0.0,0.99213564,0.9869943,pistol
941,0.2902038,0.8321429,0.37856328,0.9980623,pistol
941,0.018619865,0.0,0.99099743,0.98721415,pistol
942,0.2899319,0.82177925,0.37682325,0.9866476,pistol
942,0.050763458,0.0014250875,0.9997809,0.98576945,pistol
943,0.2775079,0.7587436,0.36345214,0.9230024,pistol
943,0.05090037,0.0052323043,0.9971044,0.96558416,pistol
944,0.26720056,0.71417695,0.35040918,0.8788598,pistol
944,0.001090616,0.0,0.9903163,0.8906883,pistol
945,0.25542444,0.6522714,0.33721584,0.8169453,pistol
945,0.0012134314,0.0005161762,0.9910599,0.8656119,pistol
946,0.24578926,0.6146227,0.3323684,0.77736735,pistol
946,0.00478372,0.0,1.0,0.9830117,pistol
947,0.23940188,0.57162726,0.32326394,0.7363813,pistol
947,0.16340145,0.02958414,0.9986286,0.992838,pistol
948,0.23951572,0.5305677,0.3221845,0.6970226,pistol
948,0.1447221,0.0060987473,1.0,0.99390084,pistol
949,0.23936298,0.4966584,0.31994882,0.6603745,pistol
950,0.23709138,0.4510489,0.3199267,0.6175359,pistol
951,0.22867598,0.38034427,0.31483886,0.54423976,pistol
952,0.22399552,0.338083,0.30710953,0.50025934,pistol
952,0.10271388,0.02913925,0.99417776,0.9855957,pistol
953,0.21780863,0.27734625,0.30170903,0.4440658,pistol
953,0.09993181,0.045495212,0.9872178,0.98616534,pistol
954,0.212886,0.2301244,0.29831567,0.39502895,pistol
954,0.09915006,0.045437306,0.98651516,0.98756003,pistol
955,0.20697652,0.18714848,0.28882962,0.35222372,pistol
955,0.108327925,0.04670632,0.9855619,0.9866787,pistol
956,0.20118469,0.16651982,0.28601268,0.3310861,pistol
956,0.083835065,0.053833276,0.98907155,0.98685336,pistol
957,0.19518843,0.14629665,0.28168225,0.3056766,pistol
957,0.076458484,0.058882743,0.99276054,0.9880203,pistol
958,0.19202618,0.12924972,0.27557597,0.29153642,pistol
958,0.080072105,0.053573936,0.99312013,0.98793757,pistol
959,0.18848984,0.11412337,0.27100146,0.27359304,pistol
959,0.07794702,0.052479804,0.9938718,0.9888379,pistol
960,0.18558522,0.10574861,0.26945817,0.27034062,pistol
960,0.073328525,0.05151725,0.9951453,0.990258,pistol
961,0.1816762,0.098499015,0.2682995,0.26004523,pistol
961,0.07513425,0.047762126,0.99538696,0.9910047,pistol
962,0.17881481,0.08696801,0.26201838,0.24904153,pistol
962,0.074038565,0.047611564,0.9955873,0.99149764,pistol
963,0.17635693,0.07868071,0.25744498,0.23877509,pistol
963,0.07255557,0.047495306,0.9960543,0.9918801,pistol
964,0.17410879,0.0742312,0.2566781,0.23499686,pistol
964,0.0725365,0.046688646,0.99625576,0.99265194,pistol
965,0.16777939,0.06490453,0.2524905,0.22469011,pistol
965,0.06954807,0.04628724,0.9968528,0.99304086,pistol
966,0.1656192,0.058667615,0.25051403,0.21749593,pistol
966,0.06841281,0.045690775,0.99736464,0.99289846,pistol
967,0.16224006,0.052693427,0.24544674,0.21265242,pistol
967,0.06604269,0.04614559,0.99730575,0.99310386,pistol
968,0.16004528,0.048137456,0.24244295,0.20626268,pistol
968,0.06420797,0.046955854,0.997032,0.99349654,pistol
969,0.1583534,0.04148808,0.24227072,0.20066242,pistol
969,0.06463814,0.04692954,0.99702644,0.99369127,pistol
970,0.15770109,0.035325363,0.24086468,0.19486946,pistol
970,0.06511563,0.046554953,0.9971352,0.99384093,pistol
971,0.15425552,0.024148487,0.23874547,0.18667802,pistol
971,0.063090056,0.047627807,0.99725723,0.9942212,pistol
972,0.15307313,0.02550006,0.23697466,0.17973584,pistol
972,0.06309542,0.04734528,0.99743724,0.9940946,pistol
973,0.15283787,0.025149435,0.23676166,0.17849782,pistol
973,0.06288624,0.047029525,0.9974463,0.994143,pistol
974,0.15163493,0.023857921,0.23638424,0.17736036,pistol
974,0.06269804,0.04716602,0.9974419,0.99409497,pistol
975,0.15175556,0.023130134,0.23620258,0.17630525,pistol
975,0.04258281,0.002923578,0.9941533,0.9770899,pistol
976,0.15112509,0.022993535,0.23575817,0.1766563,pistol
976,0.062256217,0.04715535,0.99747527,0.9939809,pistol
977,0.14323395,0.0375873,0.22560981,0.19617088,pistol
977,0.063988954,0.04683262,0.9970374,0.9936959,pistol
978,0.12982365,0.056929335,0.21353236,0.2179171,pistol
978,0.06372604,0.04583612,0.9966438,0.9934403,pistol
979,0.122788146,0.07548634,0.20647968,0.23593691,pistol
979,0.06198305,0.048417687,0.99687797,0.99379444,pistol
980,0.12049857,0.08234413,0.20534125,0.24002992,pistol
980,0.062496036,0.04876426,0.9967463,0.9936079,pistol
981,0.11377235,0.10838674,0.19591282,0.2704575,pistol
981,0.06509778,0.05063364,0.99649334,0.9938034,pistol
982,0.10852711,0.13568234,0.19151948,0.2972074,pistol
982,0.067738116,0.0519045,0.99530905,0.99258465,pistol
983,0.097984135,0.1789166,0.18265739,0.3435335,pistol
983,0.062561244,0.052163243,0.99644494,0.99384415,pistol
984,0.093105525,0.21312511,0.1769794,0.37675178,pistol
984,0.06451893,0.05266422,0.99564767,0.9941955,pistol
985,0.086090654,0.25212365,0.17112535,0.41354895,pistol
985,0.018886626,0.0,0.9944919,0.9626296,pistol
986,0.07936732,0.30654174,0.1612018,0.47078127,pistol
986,0.05774486,0.049287885,0.9965316,0.995139,pistol
987,0.073257096,0.33987448,0.15642244,0.5033818,pistol
987,0.057205588,0.04646471,0.9971224,0.9943398,pistol
988,0.07377447,0.36825663,0.1579653,0.53129005,pistol
988,0.007422298,0.0006735921,0.99047625,0.97266,pistol
989,0.07442264,0.3983426,0.15782197,0.5606041,pistol
989,0.004091978,0.000957638,0.9909921,0.97357714,pistol
990,0.07333595,0.42983735,0.15667495,0.59139264,pistol
990,0.0042224824,0.0010986328,0.9905852,0.97105205,pistol
991,0.0702638,0.4574207,0.15464792,0.623778,pistol
991,0.0012046993,0.0,0.9906734,0.9700583,pistol
992,0.07192565,0.49537706,0.15456223,0.6556665,pistol
992,0.052574992,0.04957819,0.9972271,0.9933406,pistol
993,0.071925335,0.52722156,0.15633166,0.6897985,pistol
993,0.0048712194,0.0,0.9911206,0.9642761,pistol
994,0.0716431,0.5603265,0.15654993,0.72620016,pistol
994,0.052767217,0.05019924,0.99964195,0.99395025,pistol
995,0.07597073,0.5885469,0.15896645,0.7556207,pistol
995,0.055785596,0.048117876,1.0,0.9944674,pistol
996,0.08157034,0.6285085,0.16404393,0.79363054,pistol
996,0.032492757,0.027104795,0.97500145,0.9655815,pistol
997,0.081117846,0.6475409,0.16332361,0.81187046,pistol
997,0.002459854,0.0035911202,0.99070334,0.95643693,pistol
998,0.081212506,0.6612684,0.16355522,0.8244875,pistol
998,0.0019197762,0.0043488443,0.9909663,0.95829916,pistol
999,0.08163649,0.6788883,0.16427751,0.8434818,pistol
999,0.0,0.003652364,0.99077165,0.9590862,pistol
1000,0.08725419,0.7006265,0.17289624,0.86422694,pistol
1000,0.0,0.0031070411,0.9909969,0.9629561,pistol
1001,0.09255244,0.7202555,0.17728125,0.88586855,pistol
1001,0.0,0.0032956898,0.99147314,0.96515286,pistol
1002,0.09633862,0.7297081,0.17952195,0.8946332,pistol
1002,0.05798289,0.04756242,1.0,0.9909691,pistol
1003,0.09772533,0.7385807,0.1816673,0.9040102,pistol
1003,0.0,0.002545178,0.99225885,0.96978056,pistol
1004,0.09798287,0.7429434,0.18175702,0.90539217,pistol
1004,0.0,0.0027539432,0.9923506,0.9697335,pistol
1005,0.09834278,0.7441138,0.18190229,0.905691,pistol
1005,0.0,0.0027343333,0.99233454,0.969717,pistol
1006,0.09849132,0.74805856,0.18065736,0.91422987,pistol
1006,0.0,0.0029561818,0.9928026,0.97139907,pistol
1007,0.0979777,0.75822747,0.18049693,0.91997766,pistol
1007,0.029219091,0.0,0.99411947,0.9815284,pistol
1008,0.09267263,0.7692027,0.17804842,0.93469954,pistol
1008,0.0,0.003084153,0.99314094,0.9769429,pistol
1009,0.09059229,0.777792,0.17558706,0.9449221,pistol
1009,0.023508966,0.0,0.9950157,0.9572923,pistol
1010,0.08639929,0.7858533,0.17471504,0.95062333,pistol
1010,0.023164421,0.0,0.99504113,0.957756,pistol
1011,0.0872465,0.79124284,0.17442831,0.9561603,pistol
1011,0.023165971,0.0,0.9949415,0.9582873,pistol
1012,0.08404453,0.79861915,0.17075153,0.96760535,pistol
1012,0.023675442,0.0,0.9950708,0.9591933,pistol
1013,0.08041468,0.80990523,0.16455439,0.9782302,pistol
1013,0.0,0.0020039976,0.9948353,0.9810958,pistol
1014,0.07955384,0.81961894,0.16404945,0.98427975,pistol
1014,0.0,0.001802206,0.9950668,0.98109555,pistol
1015,0.07491639,0.82710326,0.16034897,0.9961901,pistol
1015,0.024390906,0.0,0.99510384,0.9597924,pistol
1016,0.07139829,0.8346972,0.15633284,1.0,pistol
1016,0.024613053,0.0,0.99509346,0.9603309,pistol
1017,0.07179181,0.83576655,0.156229,1.0,pistol
1017,0.024609298,0.0,0.9950856,0.96036446,pistol
1018,0.07249632,0.83405185,0.15799034,0.9992006,pistol
1018,0.0,0.0019373894,0.99546117,0.9810739,pistol
1019,0.07112145,0.83571416,0.15528142,1.0,pistol
1019,0.0,0.0019720793,0.9954933,0.98089784,pistol
1020,0.06996299,0.83586574,0.1563855,1.0,pistol
1020,0.0,0.001947403,0.99556965,0.98097956,pistol
1021,0.068237826,0.8364914,0.15523553,1.0,pistol
1021,0.0,0.0019986331,0.99563396,0.9811846,pistol
