2,0.23994502,0.4958314,0.33887097,0.61869204,pistol
3,0.23634434,0.5008779,0.3380006,0.6262471,pistol
4,0.23461449,0.50488925,0.33787674,0.62622,pistol
5,0.23198149,0.5060912,0.33532777,0.6334463,pistol
6,0.22991279,0.5060812,0.33588722,0.63237834,pistol
7,0.22927536,0.50539976,0.33242464,0.63241845,pistol
8,0.23021871,0.5025617,0.33758277,0.6243892,pistol
9,0.22929643,0.50597954,0.33527294,0.6313319,pistol
10,0.22914773,0.50545627,0.33515507,0.6294127,pistol
11,0.23126844,0.5076759,0.335394,0.6317854,pistol
12,0.23524132,0.5062677,0.33839735,0.630078,pistol
13,0.23748691,0.50873065,0.3390721,0.62524784,pistol
14,0.23515995,0.50795025,0.33830586,0.6219998,pistol
15,0.23541166,0.50957686,0.33948562,0.62565416,pistol
16,0.23533116,0.5135413,0.33874664,0.6278755,pistol
17,0.23482369,0.51941234,0.3413256,0.6345666,pistol
18,0.2336815,0.51569784,0.33778012,0.6241095,pistol
19,0.2366078,0.5135439,0.3397813,0.62656873,pistol
20,0.23775747,0.5143907,0.34102246,0.6266502,pistol
21,0.23602127,0.5132343,0.3419189,0.62628204,pistol
22,0.23567437,0.5139753,0.34061578,0.62665373,pistol
23,0.23630194,0.5169437,0.33990595,0.6292472,pistol
24,0.23454246,0.51454717,0.33937147,0.6276328,pistol
25,0.23489803,0.5151017,0.33973855,0.63201284,pistol
26,0.23462301,0.51797557,0.33985454,0.6324686,pistol
27,0.2342689,0.5188632,0.33975798,0.6321639,pistol
28,0.23705664,0.51853275,0.34121338,0.62963307,pistol
29,0.23724836,0.52136457,0.3417939,0.6344887,pistol
30,0.23797087,0.51930285,0.34178653,0.63156307,pistol
31,0.2372197,0.5202818,0.34103128,0.6321145,pistol
32,0.23695268,0.51992524,0.34201086,0.63363636,pistol
33,0.23731317,0.5210731,0.34234834,0.6364639,pistol
34,0.2340075,0.5228611,0.33982366,0.6384276,pistol
35,0.23106803,0.523306,0.33964556,0.6395855,pistol
36,0.23081104,0.5236611,0.34041017,0.6409808,pistol
37,0.23092219,0.5238353,0.34067932,0.6425096,pistol
38,0.23055497,0.5230479,0.33999744,0.6405823,pistol
39,0.23059314,0.5233545,0.3392098,0.6377489,pistol
43,0.20633939,0.49894235,0.32192996,0.60708696,pistol
44,0.2124292,0.51001644,0.32607254,0.61297643,pistol
46,0.22048384,0.5147915,0.33551645,0.61236334,pistol
48,0.2434886,0.5358509,0.34654346,0.6395329,pistol
49,0.24963889,0.52398115,0.34984627,0.63752633,pistol
50,0.24636438,0.52586234,0.35242918,0.6351626,pistol
51,0.24746102,0.52553344,0.35445243,0.63235605,pistol
52,0.23804712,0.51290995,0.34216946,0.62315625,pistol
53,0.23252197,0.50479424,0.33325547,0.6118897,pistol
53,0.3950877,0.055807333,0.41637787,0.086601,pistol
54,0.2314329,0.50574344,0.3345174,0.61250347,pistol
54,0.39644468,0.05767173,0.41931844,0.090626955,pistol
55,0.23176631,0.5054362,0.33478436,0.61252713,pistol
55,0.39591855,0.05764068,0.4189605,0.09183132,pistol
56,0.23371643,0.5047431,0.33526438,0.61245656,pistol
56,0.39549246,0.05732946,0.4170805,0.082139015,pistol
57,0.23576878,0.507492,0.33866578,0.61243445,pistol
58,0.23611379,0.50801784,0.33887798,0.6134203,pistol
59,0.23940325,0.5057268,0.34076893,0.61142826,pistol
60,0.23888943,0.50884324,0.3405207,0.61386937,pistol
61,0.23524265,0.50765264,0.33792394,0.6147988,pistol
62,0.23512869,0.51013684,0.34011632,0.6172875,pistol
63,0.23587357,0.51093596,0.3414817,0.6182837,pistol
64,0.23667447,0.51034105,0.34250242,0.6182803,pistol
65,0.23780671,0.51123124,0.34601054,0.62198716,pistol
66,0.23813733,0.51074606,0.34291008,0.6218236,pistol
67,0.23701549,0.51011014,0.34341902,0.6195102,pistol
68,0.23735964,0.5108649,0.34142822,0.6191383,pistol
69,0.23559998,0.50984955,0.34285182,0.6177151,pistol
70,0.23655777,0.5107634,0.3441207,0.6190989,pistol
71,0.23885275,0.5105328,0.3438025,0.6223027,pistol
72,0.23802379,0.5098085,0.34425935,0.6209565,pistol
73,0.23830664,0.5101293,0.34822714,0.6213638,pistol
74,0.23901956,0.509848,0.34752786,0.6217464,pistol
75,0.23961854,0.51009685,0.34680444,0.6215909,pistol
76,0.23916706,0.51019925,0.34657302,0.6219328,pistol
77,0.23962808,0.51113534,0.34690583,0.6237891,pistol
78,0.2404108,0.5123267,0.34761202,0.6230271,pistol
79,0.24100308,0.51132894,0.3476013,0.6237087,pistol
80,0.24206632,0.51198393,0.34875214,0.6254594,pistol
81,0.24177791,0.5110623,0.34802085,0.6271215,pistol
82,0.2421352,0.5104715,0.34734342,0.62323254,pistol
83,0.24199136,0.5097124,0.34888127,0.62160414,pistol
84,0.24308077,0.5090841,0.34906515,0.6218245,pistol
85,0.23736149,0.45560175,0.33655655,0.5699288,pistol
86,0.2894304,0.32161266,0.35769323,0.5031244,pistol
87,0.30785388,0.32424808,0.3720765,0.51123327,pistol
93,0.35924295,0.39774424,0.50219214,0.68527883,pistol
101,0.39112073,0.34787524,0.6640002,0.7042012,pistol
102,0.39654157,0.35364527,0.66794276,0.7005908,pistol
103,0.40069678,0.33700657,0.66395867,0.69963276,pistol
104,0.4020934,0.34633303,0.634344,0.69709194,pistol
105,0.40866035,0.3445862,0.6095708,0.6972019,pistol
106,0.42959514,0.34838545,0.5769446,0.6819179,pistol
107,0.45380586,0.33271497,0.54831284,0.6884648,pistol
109,0.43334824,0.32777044,0.5632028,0.69012487,pistol
110,0.40957606,0.3250696,0.59973156,0.6949268,pistol
111,0.38541284,0.33194318,0.62499166,0.70097303,pistol
112,0.37053716,0.31282687,0.6425302,0.70791066,pistol
113,0.35772878,0.31673884,0.65300375,0.7074356,pistol
114,0.34968132,0.3167194,0.6566735,0.7004844,pistol
115,0.3445217,0.32142535,0.65852123,0.69983566,pistol
116,0.340626,0.32266194,0.6606016,0.70217663,pistol
117,0.3328798,0.32233086,0.66228414,0.7031857,pistol
118,0.3316424,0.3248768,0.6634606,0.7043624,pistol
119,0.33303386,0.32480174,0.6612586,0.70354,pistol
120,0.32898733,0.3260426,0.65986824,0.7030842,pistol
121,0.33108228,0.32756072,0.6624754,0.7030198,pistol
123,0.46479556,0.36642045,0.5324874,0.59239185,pistol
147,0.2334644,0.47976467,0.33009076,0.6138041,pistol
148,0.235944,0.48678273,0.33175114,0.6152268,pistol
149,0.23853798,0.48455298,0.33365566,0.61500204,pistol
150,0.24069914,0.48764873,0.33367476,0.6170732,pistol
151,0.24149641,0.48899043,0.33418515,0.6168604,pistol
152,0.24068967,0.49078813,0.33204827,0.60970366,pistol
155,0.19103234,0.45291436,0.28729424,0.5127347,pistol
160,0.23738012,0.39601222,0.3198295,0.5077504,pistol
161,0.24403717,0.3804011,0.33331698,0.5366681,pistol
162,0.24034473,0.37802014,0.33503166,0.5355036,pistol
163,0.23912272,0.3758846,0.33399925,0.5385744,pistol
164,0.23954625,0.37453982,0.33488005,0.54050535,pistol
165,0.23975673,0.37462085,0.3359348,0.5404031,pistol
166,0.24041404,0.3748861,0.33602405,0.5405176,pistol
167,0.24023253,0.3756762,0.3358811,0.54049385,pistol
168,0.23926806,0.37730467,0.3353963,0.5405602,pistol
169,0.24084458,0.37898993,0.33532664,0.5366676,pistol
170,0.24307391,0.37972492,0.33578554,0.5404621,pistol
171,0.24332628,0.38245264,0.33605853,0.53765213,pistol
172,0.2423759,0.37788123,0.33617693,0.5429981,pistol
173,0.24680479,0.37206364,0.3389811,0.54389495,pistol
174,0.24687317,0.37294126,0.33826575,0.5412821,pistol
175,0.24704254,0.3746741,0.3394187,0.54425335,pistol
176,0.24599165,0.37623882,0.3390733,0.5446013,pistol
177,0.24659029,0.3793686,0.33933082,0.5426068,pistol
178,0.24604598,0.38273287,0.33893928,0.54232764,pistol
179,0.23810251,0.39948136,0.33601865,0.5414182,pistol
180,0.21888241,0.4507106,0.31410536,0.55747217,pistol
181,0.19766928,0.4672303,0.31067604,0.5692301,pistol
182,0.20555308,0.46481887,0.3115851,0.57330847,pistol
183,0.2172783,0.4728593,0.31595808,0.5906829,pistol
184,0.22637609,0.47095567,0.3215513,0.5742789,pistol
185,0.22765839,0.47407296,0.3275329,0.56458986,pistol
186,0.23181687,0.4690026,0.32654995,0.5866202,pistol
187,0.23839654,0.45914292,0.32935202,0.553995,pistol
188,0.24251303,0.45047885,0.33228406,0.5463575,pistol
189,0.24492401,0.4485343,0.33297205,0.54799104,pistol
189,0.39579177,0.058288917,0.4176796,0.08378722,pistol
190,0.23915266,0.4574105,0.32879686,0.5522519,pistol
191,0.23520681,0.46611577,0.32720706,0.557519,pistol
192,0.23626465,0.4646003,0.32837117,0.5554525,pistol
193,0.23721585,0.46328434,0.3278555,0.5537035,pistol
194,0.236275,0.46290693,0.32702047,0.5550986,pistol
195,0.2362317,0.4605703,0.3288371,0.5526717,pistol
196,0.2386061,0.46403962,0.33041888,0.5538406,pistol
196,0.3969303,0.058228754,0.4176604,0.085413806,pistol
197,0.23764928,0.46811855,0.33354974,0.5582391,pistol
197,0.39674032,0.058388013,0.4187792,0.087722756,pistol
198,0.2384279,0.4669695,0.33672157,0.55665946,pistol
198,0.39797747,0.058795255,0.42056644,0.08765192,pistol
199,0.23650971,0.46067038,0.334878,0.547612,pistol
200,0.24265426,0.45066145,0.33947486,0.5363826,pistol
201,0.25196975,0.465019,0.34840143,0.5542829,pistol
202,0.26196218,0.4715956,0.35779983,0.55699736,pistol
203,0.2803821,0.4649385,0.36954057,0.55079114,pistol
204,0.2988486,0.45567602,0.38399765,0.5411463,pistol
205,0.3001807,0.45257235,0.38730374,0.5342547,pistol
206,0.30349237,0.45635688,0.39108557,0.5441282,pistol
207,0.30728516,0.45734784,0.39466962,0.54483557,pistol
208,0.31026864,0.45900968,0.39544785,0.54621685,pistol
209,0.30945036,0.45812476,0.39833018,0.547899,pistol
210,0.31256053,0.4622622,0.3983449,0.5513777,pistol
211,0.3104752,0.46831647,0.39473924,0.55648434,pistol
212,0.30531016,0.46877232,0.39410707,0.5583733,pistol
213,0.29797834,0.45583403,0.38883108,0.56607974,pistol
214,0.28808197,0.41940838,0.3836541,0.5513569,pistol
215,0.28197938,0.41716066,0.38010103,0.5508293,pistol
216,0.2769419,0.41506866,0.37725347,0.54677725,pistol
217,0.27503082,0.4053416,0.3786246,0.5345663,pistol
218,0.27528465,0.39988846,0.37547642,0.52904665,pistol
219,0.2775665,0.40070108,0.37559927,0.52982163,pistol
220,0.27702355,0.40379953,0.37747502,0.5290264,pistol
221,0.28129897,0.39928257,0.37960592,0.53568465,pistol
222,0.2826155,0.39462733,0.3836024,0.52536726,pistol
223,0.28436092,0.39163032,0.38688698,0.5285644,pistol
224,0.28838903,0.39583558,0.38885915,0.5336536,pistol
225,0.29150233,0.3904552,0.39201722,0.5282799,pistol
226,0.29135504,0.39428198,0.3925614,0.52764124,pistol
227,0.292402,0.39690673,0.3927242,0.5313163,pistol
228,0.2922638,0.38813123,0.39163417,0.5256561,pistol
229,0.29678696,0.38328627,0.39472055,0.5297186,pistol
230,0.30051178,0.38258013,0.3916065,0.55264723,pistol
231,0.30338407,0.37695596,0.39023274,0.5342242,pistol
236,0.3036623,0.37895328,0.38771397,0.47269458,pistol
238,0.29799807,0.37180418,0.39337265,0.51620954,pistol
243,0.22175154,0.2782008,0.3448889,0.43828112,pistol
244,0.19969137,0.27455992,0.33743435,0.42076862,pistol
245,0.17883754,0.2769207,0.3297515,0.4253119,pistol
246,0.1780541,0.2762686,0.32849163,0.43292522,pistol
247,0.17412366,0.27587482,0.3400104,0.46568987,pistol
248,0.18037203,0.2813034,0.3399385,0.42738396,pistol
249,0.18103236,0.2794031,0.3393888,0.4264009,pistol
250,0.18324135,0.29103822,0.348333,0.43201077,pistol
251,0.18188101,0.30322424,0.3462075,0.4478555,pistol
252,0.17948449,0.301433,0.3457272,0.4500961,pistol
253,0.18215084,0.30513734,0.3431762,0.4555117,pistol
254,0.17636907,0.3060854,0.33780783,0.46569735,pistol
255,0.17588249,0.31163505,0.33743736,0.44425538,pistol
256,0.17971759,0.3012701,0.3277092,0.42697898,pistol
257,0.17856368,0.2996385,0.3442243,0.44660223,pistol
258,0.19717458,0.29391968,0.33479992,0.41970193,pistol
259,0.18661274,0.30581445,0.34222162,0.4371227,pistol
264,0.19103956,0.3010094,0.33078086,0.42940304,pistol
265,0.19525978,0.29711872,0.32698688,0.42011106,pistol
266,0.19262484,0.2933027,0.33044198,0.42136818,pistol
268,0.18682574,0.31057838,0.3387282,0.4464186,pistol
269,0.1885274,0.2948639,0.34095913,0.43319425,pistol
270,0.18857768,0.30484292,0.3284907,0.4251645,pistol
271,0.18835564,0.30176646,0.33893412,0.41622114,pistol
272,0.20096314,0.29133117,0.33639526,0.41472816,pistol
273,0.20208225,0.30761027,0.33362725,0.43709493,pistol
274,0.20067933,0.30870557,0.34787747,0.4599954,pistol
275,0.21149206,0.31593916,0.35548007,0.4578059,pistol
276,0.21080595,0.32011175,0.35413653,0.4602009,pistol
277,0.21022075,0.3243404,0.35398024,0.46399194,pistol
278,0.21430093,0.31784675,0.35466808,0.46014097,pistol
279,0.21101649,0.3211269,0.3547488,0.4575505,pistol
280,0.21437566,0.32381594,0.3544039,0.453053,pistol
281,0.21534914,0.32395908,0.35275853,0.43301705,pistol
282,0.22181967,0.30393845,0.35833743,0.41240138,pistol
283,0.22255173,0.3049224,0.3598537,0.41095477,pistol
284,0.22007664,0.31024012,0.34089965,0.42168978,pistol
285,0.21958522,0.31329477,0.36538744,0.42885435,pistol
286,0.21302074,0.3146024,0.35903686,0.43724516,pistol
287,0.21398771,0.31636256,0.35899633,0.46616864,pistol
288,0.21429433,0.31795228,0.35879195,0.4575621,pistol
289,0.21252817,0.3204413,0.35709143,0.48825252,pistol
290,0.21330059,0.32247597,0.35690057,0.48920923,pistol
291,0.21402457,0.31344792,0.35897383,0.45405683,pistol
292,0.20996882,0.32200074,0.36050743,0.46010983,pistol
293,0.2108221,0.32586324,0.35880983,0.48464572,pistol
294,0.21502809,0.3227333,0.35431355,0.45316204,pistol
295,0.21055622,0.33065674,0.35679495,0.49064788,pistol
296,0.21037574,0.33036777,0.35432112,0.4717408,pistol
297,0.21241912,0.33749717,0.3521494,0.48290467,pistol
298,0.20975524,0.34604356,0.35468763,0.48679623,pistol
299,0.21256545,0.33495045,0.35509083,0.4760568,pistol
300,0.21225731,0.33649787,0.35938835,0.4889883,pistol
301,0.21279931,0.33698773,0.3574636,0.477679,pistol
302,0.2128177,0.33105487,0.36054835,0.48006648,pistol
303,0.21998236,0.33121687,0.3593305,0.45431745,pistol
304,0.22545823,0.3451288,0.36268505,0.47751006,pistol
305,0.22562002,0.34334502,0.36321306,0.4497383,pistol
306,0.22560987,0.34046105,0.36482444,0.458299,pistol
307,0.22634137,0.34105852,0.36417335,0.4613547,pistol
308,0.226325,0.33995026,0.36172733,0.45113826,pistol
309,0.22359549,0.3418899,0.3671409,0.44499597,pistol
310,0.2226843,0.34372225,0.35830376,0.4440085,pistol
311,0.22295508,0.34180865,0.34416577,0.44030097,pistol
312,0.21873432,0.34327507,0.3417089,0.44422847,pistol
313,0.21541826,0.34127095,0.34910142,0.45066515,pistol
314,0.21402282,0.34355807,0.3510074,0.45038116,pistol
315,0.2135235,0.3461616,0.34944057,0.44825447,pistol
316,0.2081019,0.33789057,0.34991476,0.45473272,pistol
317,0.21117212,0.34929845,0.34440267,0.48668727,pistol
318,0.20842367,0.34832698,0.3442089,0.47138745,pistol
319,0.20401107,0.36279273,0.34229904,0.47624266,pistol
320,0.20376377,0.37231225,0.34318626,0.48215264,pistol
321,0.19860592,0.3761314,0.3382931,0.4869713,pistol
322,0.1989092,0.38784266,0.33777764,0.5178309,pistol
323,0.20424177,0.3924986,0.33999115,0.53298974,pistol
324,0.21016097,0.37939274,0.3464237,0.49840862,pistol
325,0.2086148,0.37517598,0.3451734,0.49428603,pistol
326,0.20753288,0.38168415,0.3446926,0.51640475,pistol
327,0.21705243,0.37318248,0.3531144,0.51366967,pistol
328,0.21470001,0.37012,0.3507103,0.51848954,pistol
329,0.21088344,0.40375957,0.350654,0.54032266,pistol
330,0.21352679,0.39526117,0.35360366,0.53377765,pistol
331,0.2109636,0.3975511,0.35106784,0.53446376,pistol
332,0.2078126,0.38969547,0.34753066,0.5310798,pistol
333,0.20896259,0.38224915,0.34508917,0.5250804,pistol
334,0.20571096,0.38220245,0.34745204,0.5279586,pistol
335,0.20755783,0.38065845,0.3495119,0.52693903,pistol
336,0.20706931,0.382078,0.34874216,0.5283161,pistol
337,0.20751554,0.38179097,0.34586883,0.52609944,pistol
338,0.2074065,0.38431787,0.34595203,0.52977735,pistol
339,0.20728984,0.38272378,0.3464025,0.5262303,pistol
340,0.20687734,0.3830706,0.3457802,0.52421254,pistol
341,0.20705248,0.38193285,0.34658784,0.52193654,pistol
342,0.20792945,0.3813392,0.34638238,0.52244157,pistol
343,0.20900686,0.3827321,0.349598,0.53009754,pistol
344,0.2064668,0.38604105,0.34830523,0.5311053,pistol
345,0.20656043,0.39292347,0.34866083,0.5457941,pistol
348,0.21594349,0.3708744,0.34379926,0.5081198,pistol
349,0.21983457,0.37429774,0.35750455,0.52306634,pistol
350,0.22071329,0.36624634,0.35857382,0.51358277,pistol
351,0.22350362,0.36188585,0.35876432,0.50612247,pistol
352,0.22652298,0.3518395,0.3594265,0.4958634,pistol
353,0.22515681,0.34696388,0.3630717,0.486893,pistol
354,0.22855526,0.3474523,0.3666985,0.48925397,pistol
355,0.22588217,0.3515838,0.36624652,0.49727485,pistol
356,0.22972986,0.36046082,0.36917642,0.502968,pistol
357,0.2325864,0.35662925,0.36817324,0.5003687,pistol
358,0.22986096,0.3529761,0.36673462,0.4954315,pistol
359,0.22831208,0.35833526,0.36448097,0.4997666,pistol
360,0.22773159,0.36218208,0.36824995,0.5028157,pistol
361,0.23481162,0.36224946,0.36942732,0.50651336,pistol
362,0.24034306,0.36157846,0.37100187,0.50509113,pistol
363,0.24107805,0.36883634,0.36912873,0.49944228,pistol
364,0.25055027,0.37080678,0.36644542,0.4925281,pistol
365,0.32046914,0.37796575,0.43419725,0.4937662,pistol
366,0.3139235,0.38200402,0.4273288,0.48936337,pistol
367,0.32142857,0.39204913,0.42793998,0.49778914,pistol
368,0.32001576,0.4127121,0.43375853,0.5337795,pistol
369,0.3207547,0.52574897,0.43019205,0.6438515,pistol
370,0.3164442,0.54419,0.43601015,0.670075,pistol
371,0.30724046,0.5507271,0.4383194,0.6946566,pistol
372,0.2900144,0.55310315,0.41988093,0.6948777,pistol
373,0.24315806,0.55335855,0.37356907,0.69507134,pistol
374,0.2207036,0.55379593,0.3524354,0.696236,pistol
375,0.20358562,0.55043113,0.33578432,0.69422364,pistol
376,0.19188124,0.5467695,0.3261699,0.68843234,pistol
377,0.19418153,0.54490644,0.32525697,0.68779117,pistol
378,0.19528899,0.54702336,0.3256139,0.6876635,pistol
379,0.19448125,0.5406629,0.32954234,0.6789255,pistol
380,0.1940507,0.5392169,0.32893345,0.6786499,pistol
381,0.1948598,0.5355723,0.32862014,0.6765975,pistol
382,0.19328293,0.53307974,0.3284594,0.6759306,pistol
383,0.19749315,0.53301096,0.33138585,0.67449796,pistol
384,0.20064348,0.53227305,0.33574957,0.6728232,pistol
385,0.19046165,0.5350505,0.33066815,0.6760224,pistol
386,0.17371908,0.53389764,0.31872505,0.67944276,pistol
386,0.3957939,0.64860547,0.43535107,0.74251914,pistol
387,0.1556471,0.5394172,0.30804014,0.69122225,pistol
388,0.14929663,0.5345957,0.3040582,0.69734,pistol
389,0.15001082,0.5359571,0.30637836,0.6998124,pistol
390,0.14804749,0.5331351,0.31246364,0.69317085,pistol
391,0.15306833,0.5351274,0.31015235,0.6988785,pistol
391,0.56988907,0.9622684,0.623829,1.0,pistol
392,0.1513652,0.5359147,0.3100748,0.70019084,pistol
393,0.14734997,0.54497147,0.30768603,0.6994395,pistol
394,0.15029341,0.55133533,0.30536187,0.704216,pistol
395,0.15094788,0.54845494,0.30778915,0.69834,pistol
396,0.16018136,0.54614687,0.31299382,0.69832647,pistol
397,0.16117117,0.5487522,0.3187552,0.70419395,pistol
398,0.16309904,0.54562795,0.31983083,0.700922,pistol
399,0.16690096,0.54361314,0.3239784,0.6996313,pistol
400,0.18216248,0.54117393,0.33399415,0.6924046,pistol
401,0.18116951,0.54092175,0.3326273,0.6926318,pistol
402,0.17975056,0.53953105,0.33063602,0.69026357,pistol
403,0.1785459,0.5463829,0.32879454,0.6917963,pistol
404,0.17739064,0.548647,0.32886386,0.6961284,pistol
405,0.17953199,0.54790837,0.32956696,0.69726485,pistol
406,0.18881047,0.5442972,0.33679253,0.6923183,pistol
407,0.19448152,0.539857,0.33688268,0.6861859,pistol
408,0.19246206,0.5410975,0.33788374,0.68740416,pistol
409,0.19598281,0.5408684,0.33732313,0.68776834,pistol
410,0.19185305,0.53415686,0.33824658,0.68120867,pistol
411,0.19362614,0.5367162,0.338706,0.681509,pistol
412,0.1930283,0.54584277,0.3353832,0.6861696,pistol
413,0.18920457,0.5482415,0.33429456,0.6774267,pistol
414,0.18936476,0.5450541,0.32872912,0.67952335,pistol
415,0.18612993,0.545023,0.32946724,0.6808476,pistol
416,0.1845726,0.54517645,0.33132526,0.6784944,pistol
417,0.18398932,0.54300255,0.33069363,0.673474,pistol
418,0.18452533,0.5400812,0.32986814,0.67332596,pistol
419,0.18808176,0.54287463,0.32482004,0.67294484,pistol
420,0.18771282,0.53953195,0.33535597,0.6758803,pistol
421,0.1881837,0.54281855,0.331237,0.6774043,pistol
422,0.18211257,0.5470599,0.32940376,0.68995786,pistol
423,0.18306075,0.5472231,0.3301456,0.7124846,pistol
424,0.18481137,0.5485556,0.3315137,0.70169616,pistol
425,0.18612868,0.5431129,0.32845765,0.6872691,pistol
426,0.18815821,0.54431516,0.32968545,0.6667475,pistol
427,0.1895348,0.54449874,0.33321446,0.6560078,pistol
428,0.19224207,0.5392113,0.33493948,0.6537763,pistol
429,0.1934213,0.5416516,0.33292484,0.64161813,pistol
430,0.19347325,0.5462448,0.3279741,0.6603847,pistol
432,0.19852883,0.54976696,0.33518875,0.6542869,pistol
433,0.19861068,0.5432505,0.3376289,0.6660182,pistol
434,0.19414192,0.5381969,0.33710915,0.72330034,pistol
435,0.19751316,0.5379722,0.34092253,0.69763935,pistol
436,0.19884469,0.5415359,0.33862042,0.6790115,pistol
437,0.19851774,0.5459519,0.34334302,0.6712976,pistol
438,0.19521347,0.54224676,0.34072492,0.67734927,pistol
439,0.19399574,0.54356325,0.33601174,0.6675943,pistol
440,0.19492388,0.54229224,0.33823204,0.66928804,pistol
443,0.19958375,0.5321205,0.34879166,0.6911151,pistol
444,0.19676508,0.53646076,0.35214633,0.68007386,pistol
445,0.18916959,0.5402523,0.34768057,0.6704056,pistol
446,0.18437174,0.5408719,0.33680996,0.6508104,pistol
447,0.19487825,0.5489255,0.34042814,0.65762675,pistol
449,0.18105194,0.54191136,0.33015832,0.65204775,pistol
450,0.18324679,0.5534149,0.33723122,0.66530544,pistol
451,0.18824336,0.54516953,0.33600953,0.66281754,pistol
452,0.18035826,0.5405354,0.32732955,0.6516085,pistol
457,0.18726769,0.5556271,0.34225056,0.70024705,pistol
458,0.18243301,0.55574775,0.3400762,0.68700635,pistol
459,0.17891654,0.55498195,0.33590934,0.6824472,pistol
460,0.18096057,0.5536853,0.3360996,0.6701096,pistol
461,0.18208496,0.5539236,0.33618975,0.66567266,pistol
462,0.18498442,0.551317,0.33600965,0.6659273,pistol
463,0.19004825,0.54980695,0.33823362,0.6710185,pistol
464,0.19304657,0.5506746,0.3404706,0.6662107,pistol
465,0.19537373,0.5470773,0.34075564,0.68592155,pistol
466,0.1968826,0.5458684,0.34144282,0.69761026,pistol
467,0.1925734,0.5526896,0.34741756,0.74798363,pistol
468,0.19568229,0.5532971,0.3377813,0.70688385,pistol
469,0.1932242,0.5517662,0.33260334,0.67537576,pistol
470,0.19241518,0.5501695,0.3403566,0.65622944,pistol
471,0.190994,0.55493236,0.3314081,0.67002237,pistol
472,0.19011983,0.55246115,0.32895175,0.67111194,pistol
473,0.18997364,0.5536672,0.3321604,0.6636181,pistol
474,0.18830794,0.55154985,0.34044063,0.6896834,pistol
475,0.18816833,0.5527089,0.3449754,0.6916626,pistol
476,0.18951863,0.55070746,0.34502876,0.6977606,pistol
477,0.1883462,0.54870516,0.33922356,0.66752213,pistol
478,0.19112924,0.5428617,0.34012225,0.65316,pistol
479,0.19070277,0.55068684,0.3400148,0.6543077,pistol
480,0.18900582,0.54892856,0.33876368,0.66177183,pistol
481,0.18700956,0.5499682,0.33785254,0.6551325,pistol
482,0.18501018,0.54918784,0.3342662,0.6680401,pistol
483,0.18690675,0.54975766,0.33458978,0.666426,pistol
484,0.18354797,0.5486042,0.33868903,0.6712075,pistol
485,0.18455195,0.5447624,0.3376422,0.67086565,pistol
486,0.18709591,0.54514986,0.33859363,0.6862889,pistol
487,0.18821809,0.54704845,0.33643994,0.71421266,pistol
488,0.19532385,0.5395818,0.33928868,0.6538018,pistol
489,0.19563815,0.5453595,0.34290054,0.6703057,pistol
490,0.19448654,0.5475765,0.3427031,0.6736594,pistol
491,0.19221897,0.55056626,0.34256393,0.67657346,pistol
492,0.1924566,0.5523365,0.34149027,0.68982977,pistol
493,0.1932102,0.55413556,0.34093618,0.6920718,pistol
494,0.19357854,0.54843277,0.3418693,0.71305996,pistol
495,0.19414979,0.5473101,0.33910584,0.67877364,pistol
496,0.19710845,0.54778284,0.33925503,0.6646995,pistol
497,0.19396421,0.55748814,0.32510164,0.66630584,pistol
498,0.19677332,0.54948837,0.321124,0.655639,pistol
499,0.20035663,0.5392732,0.32553533,0.6637942,pistol
500,0.2008294,0.5466371,0.325207,0.6572265,pistol
501,0.20222878,0.54618055,0.35184157,0.68690807,pistol
502,0.20448288,0.5437187,0.35414168,0.6877321,pistol
503,0.20550495,0.54782915,0.35551453,0.68973565,pistol
504,0.2044211,0.54610986,0.35512912,0.68795234,pistol
505,0.20321131,0.5479777,0.35443813,0.6896571,pistol
506,0.20541906,0.5462001,0.35392487,0.685316,pistol
507,0.20533338,0.5437118,0.3545687,0.68465483,pistol
508,0.2054243,0.5456062,0.34891754,0.6664484,pistol
509,0.2088469,0.5454842,0.32519582,0.68578494,pistol
510,0.20932868,0.540687,0.34017006,0.6896288,pistol
511,0.20809945,0.5286621,0.33107343,0.681839,pistol
512,0.20567623,0.5432212,0.33000037,0.6859483,pistol
513,0.2035215,0.54602075,0.33221745,0.6838045,pistol
514,0.20201777,0.54602593,0.33015096,0.68312794,pistol
516,0.20527184,0.53952193,0.3548224,0.68746686,pistol
517,0.2018249,0.5435052,0.3513794,0.6852654,pistol
518,0.20300116,0.54281265,0.35425234,0.68507534,pistol
519,0.20764592,0.54043907,0.32915917,0.6784386,pistol
520,0.20783126,0.5430438,0.34668767,0.68072826,pistol
521,0.20623918,0.54452205,0.33082676,0.6711649,pistol
522,0.20176278,0.5411132,0.3507197,0.6883655,pistol
523,0.20340654,0.54254895,0.35576323,0.6839939,pistol
524,0.20037521,0.539783,0.3565722,0.68221223,pistol
525,0.19745873,0.5443955,0.34912348,0.66133684,pistol
526,0.19748111,0.5421714,0.3425653,0.66462165,pistol
527,0.19671726,0.54391366,0.34714723,0.69126815,pistol
528,0.19565108,0.5414442,0.33658817,0.68237674,pistol
529,0.19458406,0.54304796,0.3375947,0.68495303,pistol
530,0.1969041,0.54472363,0.3370575,0.6813102,pistol
531,0.20305206,0.5420964,0.33404416,0.67959666,pistol
532,0.2067171,0.54248375,0.34408668,0.6769908,pistol
538,0.207819,0.5370517,0.3419196,0.6694149,pistol
539,0.2057866,0.5412668,0.3520161,0.6787635,pistol
540,0.20447937,0.54222,0.35264924,0.6807467,pistol
541,0.20281799,0.5447798,0.3573485,0.6881758,pistol
542,0.2046969,0.54456437,0.34402597,0.66500473,pistol
543,0.20532665,0.5416504,0.35360637,0.6723461,pistol
544,0.20645425,0.5385823,0.34805462,0.6610986,pistol
545,0.2054181,0.5404802,0.34731954,0.66349524,pistol
546,0.2061851,0.5399825,0.35048425,0.6654752,pistol
547,0.20665058,0.54415154,0.35871688,0.668615,pistol
548,0.2072134,0.53896314,0.32334054,0.6749647,pistol
549,0.2060305,0.5336825,0.3357678,0.67924553,pistol
553,0.21385598,0.56164896,0.32292897,0.68706167,pistol
554,0.2014661,0.5554065,0.32000053,0.6922843,pistol
555,0.20204222,0.5530289,0.32033092,0.69233376,pistol
558,0.20427549,0.56019974,0.32516313,0.6898819,pistol
564,0.19543412,0.5444384,0.3389034,0.69066864,pistol
565,0.19467047,0.54452056,0.34268174,0.6888824,pistol
566,0.19719008,0.5483822,0.32230517,0.6918555,pistol
567,0.19746497,0.5488577,0.33029643,0.69386566,pistol
568,0.19729656,0.5432988,0.34514177,0.68876714,pistol
569,0.19676584,0.54580176,0.34428263,0.692153,pistol
570,0.19870974,0.54426587,0.34560663,0.68916404,pistol
571,0.20001417,0.5463662,0.3505442,0.69196606,pistol
572,0.19640788,0.5497581,0.3315663,0.6909547,pistol
573,0.20032996,0.55132234,0.3183334,0.6863476,pistol
574,0.20028694,0.5500828,0.35273278,0.689209,pistol
575,0.20250821,0.5494073,0.3473031,0.69356626,pistol
576,0.20257938,0.5481078,0.35228437,0.69156545,pistol
577,0.20354775,0.54811376,0.35158715,0.68381506,pistol
578,0.20578177,0.55080044,0.35036457,0.6779945,pistol
609,0.29569027,0.5596107,0.31827715,0.5884074,pistol
610,0.2939059,0.55926687,0.31743163,0.5838601,pistol
612,0.29334497,0.55726564,0.3187108,0.5856297,pistol
613,0.29381317,0.5591625,0.31939632,0.5894213,pistol
623,0.19428243,0.55691516,0.33084357,0.69599676,pistol
624,0.1915758,0.55644745,0.3640403,0.6902353,pistol
625,0.19426598,0.5577779,0.3524456,0.6900395,pistol
626,0.1954912,0.557807,0.3598857,0.68838423,pistol
627,0.19037466,0.5579035,0.36431295,0.6928172,pistol
628,0.19162089,0.5596727,0.35697126,0.6923567,pistol
629,0.19651228,0.55545825,0.35384333,0.68679625,pistol
630,0.19566669,0.55351144,0.35455823,0.6817358,pistol
631,0.195217,0.54519,0.35575473,0.6810144,pistol
632,0.19486883,0.54531354,0.35008767,0.6788413,pistol
633,0.19449142,0.5501735,0.34320828,0.68199384,pistol
634,0.19693926,0.5442496,0.34355375,0.6790971,pistol
635,0.19084218,0.5491786,0.31820294,0.69110525,pistol
636,0.6625865,0.098384574,0.7045798,0.15915988,pistol
637,0.6606769,0.096502095,0.7010959,0.15644783,pistol
649,0.18867657,0.56339073,0.33345023,0.70221627,pistol
650,0.1884464,0.5631581,0.33709902,0.6946563,pistol
651,0.1851708,0.5654714,0.33721247,0.69862473,pistol
652,0.18492493,0.5636471,0.3395925,0.6989897,pistol
653,0.18843219,0.5629727,0.34177807,0.6813449,pistol
659,0.18559383,0.5643275,0.33812582,0.7084179,pistol
660,0.1852039,0.5651677,0.33709627,0.70534104,pistol
661,0.18437827,0.56463814,0.3373112,0.7055259,pistol
662,0.18726236,0.56391394,0.33899385,0.70583797,pistol
663,0.18922094,0.5627009,0.3376592,0.7031593,pistol
664,0.18854651,0.5626472,0.338137,0.70306623,pistol
665,0.18990493,0.5609879,0.3415314,0.70309764,pistol
666,0.19192183,0.560597,0.34301847,0.7043387,pistol
667,0.19525936,0.5631199,0.3435053,0.70731664,pistol
668,0.1950841,0.5650253,0.34675378,0.7064314,pistol
669,0.19583818,0.56705683,0.34834793,0.71043295,pistol
670,0.19577266,0.5637115,0.3465302,0.70654964,pistol
671,0.19300365,0.5643257,0.3458193,0.70651734,pistol
672,0.1913647,0.5642346,0.34363782,0.7067883,pistol
673,0.19161397,0.56724256,0.34290916,0.70746154,pistol
674,0.1907708,0.5685861,0.34062356,0.7075286,pistol
675,0.18818663,0.5700412,0.3412391,0.7055898,pistol
676,0.18556745,0.56585956,0.3376822,0.7050226,pistol
677,0.18418832,0.5652113,0.33684403,0.70444286,pistol
678,0.18137711,0.565911,0.33441418,0.70626193,pistol
679,0.18247782,0.56650454,0.33631545,0.7034866,pistol
680,0.18471728,0.5772268,0.33600664,0.71051997,pistol
681,0.18648309,0.57268405,0.33940488,0.70868397,pistol
682,0.18905386,0.56865853,0.3412362,0.707586,pistol
683,0.19380358,0.57057005,0.34232816,0.70507735,pistol
684,0.20031625,0.56743383,0.34629923,0.7073003,pistol
685,0.20435168,0.5709063,0.34750378,0.70711255,pistol
686,0.19861579,0.575723,0.34565526,0.71249694,pistol
687,0.13661107,0.5385387,0.28222921,0.6820471,pistol
688,0.0008684248,0.48014814,0.17306401,0.6289535,pistol
689,0.0012238361,0.4324845,0.1077552,0.59311163,pistol
690,0.0,0.3585754,0.09688095,0.51784414,pistol
691,0.0,0.33646232,0.10428555,0.49513167,pistol
692,0.0,0.34623918,0.11873558,0.49657282,pistol
693,0.0016477704,0.33939645,0.12688622,0.4883639,pistol
694,0.0,0.32268414,0.13207889,0.47372302,pistol
695,0.0,0.3115946,0.13699695,0.4687099,pistol
696,0.0,0.30072471,0.1357787,0.45710823,pistol
697,0.0,0.2823779,0.14002956,0.44381744,pistol
698,0.0021890774,0.28226608,0.1434398,0.44575477,pistol
699,0.0013557747,0.26880035,0.14312819,0.42942932,pistol
700,0.0001373291,0.24877405,0.14115627,0.4012854,pistol
701,0.0010132641,0.217374,0.15738675,0.37745228,pistol
702,0.00032595545,0.23353735,0.13334838,0.4136525,pistol
703,0.0011866577,0.26067582,0.09675072,0.44067594,pistol
704,0.0011077821,0.23618531,0.0774518,0.42812347,pistol
705,0.002085451,0.30652666,0.06568079,0.47854173,pistol
706,0.00083234534,0.33435202,0.06349099,0.50101507,pistol
707,0.00062597543,0.27509457,0.11394044,0.4332896,pistol
708,0.056143917,0.22786108,0.19313303,0.3698732,pistol
708,0.67457986,0.6902518,0.70768976,0.7638242,pistol
709,0.10601459,0.24478328,0.2437095,0.38265747,pistol
710,0.10350562,0.29135028,0.24725738,0.42743018,pistol
711,0.111022085,0.31291515,0.25222573,0.4512455,pistol
712,0.115417376,0.30794916,0.2583714,0.44464967,pistol
719,0.5664273,0.3357368,0.60692614,0.40909046,pistol
729,0.70141155,0.81228894,0.75553674,0.9033858,pistol
744,0.24419886,0.7159125,0.3666321,0.8454065,pistol
745,0.22044006,0.49457112,0.35145298,0.6459029,pistol
746,0.19037667,0.38517416,0.330964,0.5504516,pistol
747,0.101174064,0.30875927,0.24329829,0.47633427,pistol
748,0.11497742,0.35288545,0.25154448,0.5403137,pistol
749,0.109237425,0.39094248,0.2501821,0.5643399,pistol
750,0.12868427,0.38445696,0.26593328,0.5658163,pistol
751,0.15078561,0.36473793,0.25846866,0.4707935,pistol
752,0.14785618,0.35185215,0.26376754,0.4736866,pistol
753,0.14821684,0.35124612,0.2639198,0.47387457,pistol
754,0.14697641,0.35563907,0.26537284,0.499369,pistol
755,0.13826022,0.3689524,0.25800297,0.5084144,pistol
756,0.13801992,0.3789387,0.2591638,0.50877774,pistol
757,0.13446492,0.37582067,0.2585709,0.5163176,pistol
758,0.13767543,0.36728835,0.25013918,0.5379284,pistol
759,0.14334366,0.36503452,0.25081623,0.57738745,pistol
760,0.14657909,0.37456897,0.25604737,0.55655205,pistol
761,0.15425462,0.3651385,0.25190315,0.5208291,pistol
762,0.15761751,0.3609796,0.25339207,0.51609254,pistol
763,0.16133575,0.34827167,0.26030695,0.49989706,pistol
764,0.17891356,0.37059665,0.2772827,0.5181781,pistol
765,0.24355343,0.3822316,0.3378667,0.52468956,pistol
766,0.28462055,0.39679402,0.37641194,0.5368317,pistol
767,0.30192065,0.4044165,0.3994345,0.54008025,pistol
768,0.3104574,0.40694937,0.406358,0.5288081,pistol
769,0.30723172,0.42131335,0.41298848,0.5407358,pistol
770,0.3437784,0.43372822,0.44573227,0.54947543,pistol
771,0.37614235,0.42349565,0.48348662,0.5487203,pistol
771,0.91470784,0.49758184,0.9987723,0.8457836,pistol
772,0.39603233,0.40695792,0.51610875,0.5890295,pistol
773,0.39564684,0.4055117,0.521754,0.6382839,pistol
774,0.41522673,0.25895908,0.5518501,0.54496026,pistol
775,0.4480873,0.20574582,0.5851674,0.47872788,pistol
775,0.9517334,0.0,0.9979146,0.052996054,pistol
776,0.44836074,0.17842422,0.6005574,0.49291652,pistol
777,0.43864202,0.1739696,0.5843036,0.489848,pistol
778,0.41851833,0.16957971,0.56873685,0.35759357,pistol
779,0.40440622,0.17067689,0.57364047,0.37277174,pistol
780,0.40584606,0.061327353,0.612999,0.47743642,pistol
781,0.38103157,0.053059176,0.6245548,0.49020332,pistol
782,0.3575185,0.047246724,0.628529,0.45056206,pistol
783,0.3664134,0.022455469,0.64925236,0.46463978,pistol
784,0.34757793,0.041051283,0.6149819,0.49309123,pistol
785,0.3172279,0.06214562,0.5862005,0.50798464,pistol
786,0.30889755,0.06745477,0.58516747,0.5107988,pistol
787,0.30903426,0.07119495,0.5798377,0.5141664,pistol
788,0.3348442,0.072888345,0.59358644,0.5204593,pistol
789,0.36183554,0.07692172,0.6111744,0.51553315,pistol
790,0.36247504,0.11612104,0.5954638,0.5261835,pistol
791,0.36683327,0.15091434,0.58834463,0.53780305,pistol
792,0.36254397,0.15542318,0.56978464,0.5263257,pistol
793,0.34869283,0.15716377,0.55427057,0.5244398,pistol
794,0.31674623,0.17043002,0.5181088,0.5278383,pistol
795,0.27372652,0.18422559,0.46809375,0.49163952,pistol
796,0.2835728,0.1559327,0.45889646,0.3720698,pistol
797,0.25388172,0.17297372,0.42836395,0.3870581,pistol
798,0.24802378,0.15498127,0.42637774,0.4095049,pistol
799,0.2548303,0.12261985,0.42526698,0.3212613,pistol
800,0.24536535,0.1265131,0.4325426,0.3398498,pistol
801,0.25406557,0.116934225,0.43917596,0.33963448,pistol
802,0.25248206,0.13626516,0.440113,0.3540012,pistol
803,0.24995846,0.16136459,0.43919063,0.37812832,pistol
804,0.25079998,0.2089614,0.43409392,0.38067898,pistol
805,0.25620353,0.2189499,0.4443133,0.39487523,pistol
806,0.29417276,0.25999692,0.4767331,0.4108639,pistol
807,0.27329993,0.2576632,0.46764177,0.4134515,pistol
808,0.28243372,0.25656456,0.47965732,0.41529465,pistol
809,0.29456905,0.29082048,0.4818628,0.45025498,pistol
810,0.3157886,0.32552314,0.48070696,0.48134643,pistol
811,0.33112025,0.33746365,0.47822863,0.47675166,pistol
812,0.3392881,0.3565923,0.47608337,0.48610348,pistol
813,0.3428102,0.359331,0.4775151,0.48606515,pistol
814,0.34360188,0.35913548,0.47887665,0.4879013,pistol
815,0.34347522,0.36401692,0.47710812,0.48748252,pistol
816,0.35182592,0.3716848,0.47640362,0.4938286,pistol
817,0.35702875,0.3779903,0.47534284,0.47882938,pistol
819,0.37035283,0.37844104,0.48957112,0.4982369,pistol
820,0.357344,0.36836386,0.4779406,0.4833318,pistol
821,0.3233529,0.33134347,0.4372563,0.44021153,pistol
822,0.29589108,0.26158714,0.40118906,0.37466872,pistol
823,0.29499784,0.21713835,0.4015796,0.32178134,pistol
824,0.29471907,0.2088094,0.40420708,0.31817546,pistol
825,0.30304644,0.21032685,0.41061082,0.31594396,pistol
826,0.30305853,0.21000972,0.4255779,0.3237811,pistol
827,0.3090053,0.2037203,0.42841533,0.3218678,pistol
828,0.3003798,0.20785324,0.41962808,0.32085073,pistol
829,0.29402396,0.21446913,0.41181514,0.32905358,pistol
830,0.29346538,0.22016372,0.4137724,0.33274198,pistol
831,0.29400522,0.22029048,0.4138897,0.33223987,pistol
832,0.2913567,0.2174876,0.4132723,0.32720366,pistol
833,0.28491545,0.21214142,0.41051525,0.32376876,pistol
834,0.28264788,0.21172369,0.40515324,0.325033,pistol
835,0.2830674,0.21471936,0.4019223,0.32805258,pistol
836,0.28082368,0.21345559,0.39872882,0.32757875,pistol
837,0.27666426,0.21682584,0.39813358,0.3299628,pistol
838,0.28393358,0.22622809,0.4006766,0.33638194,pistol
839,0.2910356,0.24044283,0.40488082,0.34151238,pistol
840,0.28981644,0.2408377,0.40440816,0.3422662,pistol
841,0.26641455,0.24052249,0.3831561,0.34744543,pistol
842,0.28143284,0.24357608,0.39747402,0.34826759,pistol
843,0.28520602,0.28213766,0.3943103,0.38603672,pistol
844,0.3356618,0.37027192,0.43937168,0.47524846,pistol
845,0.37692982,0.4205753,0.48282033,0.518159,pistol
846,0.3753318,0.3918696,0.47913995,0.49140108,pistol
847,0.37911636,0.37562713,0.48057157,0.4789649,pistol
848,0.38686675,0.36637855,0.48947746,0.4706751,pistol
849,0.40104148,0.35696453,0.49981174,0.46101242,pistol
850,0.40599325,0.35088906,0.5069434,0.45636204,pistol
851,0.40506172,0.35776174,0.50670004,0.4609117,pistol
852,0.4074251,0.35369688,0.5093113,0.45721424,pistol
853,0.4106179,0.35110706,0.5104807,0.45764124,pistol
854,0.41148093,0.349939,0.5123686,0.45588523,pistol
855,0.41483948,0.34126967,0.51538587,0.45435894,pistol
856,0.41566008,0.35110685,0.5144907,0.45721295,pistol
857,0.41823572,0.3501875,0.5159426,0.45773086,pistol
858,0.4203442,0.3504426,0.5173014,0.45890522,pistol
859,0.42097038,0.35261106,0.5188382,0.46310973,pistol
860,0.4217577,0.35258636,0.5203703,0.45983687,pistol
861,0.42254177,0.35404536,0.5215764,0.46425846,pistol
862,0.42457408,0.35303587,0.5230305,0.46383858,pistol
863,0.42597434,0.351284,0.5243492,0.4603205,pistol
864,0.42569673,0.3490069,0.5241589,0.4594043,pistol
865,0.42689303,0.35002878,0.5241578,0.45906368,pistol
866,0.42757827,0.34915516,0.52495,0.45941505,pistol
867,0.42910188,0.35174054,0.5261625,0.46316475,pistol
868,0.4321398,0.35327914,0.5274506,0.46662298,pistol
869,0.437897,0.34186587,0.5369808,0.45663264,pistol
870,0.44091076,0.34577894,0.53780484,0.45739692,pistol
871,0.4418918,0.34074676,0.5387934,0.45740682,pistol
872,0.44364625,0.33382022,0.54148424,0.45569515,pistol
873,0.4434463,0.33633846,0.54083943,0.45424122,pistol
874,0.44145954,0.33717325,0.5391065,0.45422956,pistol
875,0.44092208,0.33809093,0.5393013,0.4553295,pistol
876,0.4418499,0.34180707,0.5390955,0.45550865,pistol
877,0.44330174,0.3397196,0.5406905,0.4572543,pistol
878,0.44420922,0.34508756,0.5392608,0.4506261,pistol
879,0.44956815,0.3391553,0.5458211,0.45250323,pistol
880,0.44266498,0.3409971,0.5404194,0.44584215,pistol
891,0.41848788,0.37699923,0.520244,0.5017506,pistol
894,0.4101474,0.40695828,0.51982224,0.5611726,pistol
895,0.4038031,0.41147453,0.51191896,0.560959,pistol
896,0.4017428,0.4147585,0.5092363,0.5576915,pistol
897,0.40679228,0.4006054,0.51633966,0.54040664,pistol
899,0.63822067,0.14552543,0.6769525,0.21066347,pistol
910,0.46216074,0.5229035,0.5538375,0.6010657,pistol
911,0.45842525,0.52120966,0.5597614,0.6240868,pistol
912,0.4591711,0.52140266,0.55926675,0.63222533,pistol
913,0.4573812,0.53205657,0.55391234,0.6116897,pistol
915,0.34079581,0.43359223,0.44155103,0.5300325,pistol
916,0.20693399,0.41861555,0.31537664,0.5135326,pistol
917,0.19799504,0.46506956,0.3069255,0.568608,pistol
918,0.24443842,0.4786401,0.33825,0.58166635,pistol
927,0.48604494,0.58645076,0.5764882,0.6706988,pistol
928,0.49132404,0.5972478,0.58218503,0.69954497,pistol
930,0.48632044,0.5976479,0.58477634,0.7073053,pistol
932,0.48623544,0.5970629,0.57957405,0.67561215,pistol
933,0.48424435,0.5933391,0.58196497,0.6754966,pistol
934,0.48559448,0.59126467,0.5776627,0.6690369,pistol
936,0.4843757,0.5884489,0.574646,0.6689247,pistol
938,0.4825955,0.59068644,0.5744955,0.6707386,pistol
940,0.48408473,0.5937126,0.58042586,0.6659121,pistol
941,0.48050848,0.5929634,0.57565707,0.6670082,pistol
942,0.47338474,0.5790481,0.5760727,0.6503455,pistol
943,0.45703351,0.5415566,0.552403,0.6404314,pistol
944,0.45539224,0.5255172,0.5563023,0.63009846,pistol
945,0.45220786,0.5529922,0.5470471,0.6571517,pistol
946,0.44953984,0.5891685,0.54682875,0.68544894,pistol
947,0.44376105,0.563073,0.5359034,0.66060907,pistol
948,0.4458602,0.5550268,0.5438143,0.6771377,pistol
949,0.44890422,0.5551158,0.5450073,0.679845,pistol
950,0.44504446,0.5481467,0.5479825,0.6726749,pistol
951,0.44423893,0.5498079,0.54118556,0.6406534,pistol
952,0.4424013,0.55158585,0.5473826,0.69922787,pistol
953,0.42398602,0.63704234,0.52857065,0.76576024,pistol
964,0.51599663,0.9526117,0.56640536,1.0,pistol
966,0.4886204,0.95066154,0.52989125,1.0,pistol
967,0.4934293,0.95294523,0.53178704,1.0,pistol
969,0.5128145,0.9571668,0.56201863,1.0,pistol
970,0.5102151,0.95422244,0.561528,1.0,pistol
980,0.5112468,0.9563832,0.55915725,1.0,pistol
981,0.50998044,0.95610535,0.5540823,1.0,pistol
987,0.4933321,0.9601084,0.54059714,1.0,pistol
